          16           8           5           5
  -6.6230429571302553E-003 -0.15982526484571791      -0.12427972424420478       -7.9092939796988324E-002  -7.2175626418005484E-002
 -0.15636205240415099        4.4706869102406045E-002 -0.15097991205080588       -5.2264409216208601E-003   8.7105060899084291E-002
 -0.14567336020443117        1.0337577860088295E-002   4.9846412698707293E-002  -7.1008777624217076E-002 -0.11197842737966086     
  0.19857260929401482        3.1361263404656517E-002 -0.14422755764443029       -9.9634864981269014E-002  0.14760300795304335     
  0.19650493811788020      -0.14171344560511712        7.0932048125089187E-002  -7.4077148527983472E-002   3.5486401873797278E-002
  0.11852511013735993       -4.9473093247795689E-002  0.10691360831840080       0.10437127830436227      -0.12994836973076365     
 -0.17254756808465316       -7.6702535181477724E-002  0.10205400373718425       -3.6890154647505967E-002  0.15174668242865727     
  -5.1205848947878524E-002  0.11967638874709785      -0.11122288831369168        3.8700364093246946E-002  0.12286257953948096     
  0.15250732099144729       0.12252741039890112      -0.14548368927348881       -4.4349077362799423E-002   2.6851792569863083E-002
  0.11394807415643526       -2.7735978570651736E-002  -4.0827330671984408E-002   2.8643694211299843E-002  0.16174735728614076     
  0.16487302600659789       0.11101895787596218      -0.11480184270756012       -8.0659162837365697E-002   6.6950066171042932E-002
   1.2444952218895172E-002  -4.0479784953267248E-003  -9.7998306721510678E-002   6.3672910838196067E-002  -8.8325498076751233E-002
  0.16257631396149413       -8.8450420320185213E-002   2.5539316218276098E-002 -0.15284553465211756        6.7796067893262091E-002
   4.1983789324716962E-002 -0.15062994167823707      -0.11285022184870148      -0.10377735702171145       -4.5972969753053386E-002
 -0.10353914671920453        2.0288316731971630E-002  -8.5398127081246444E-002  0.16225909375267639       -8.3317761429707992E-003
  0.10561526219840418      -0.11383743710598099       0.14119543592459505       -6.3348579842797084E-002  0.15372108386840438     
  0.14521742059673989        9.6777780658580781E-002  -2.6037045971439455E-002  -3.5331523502123041E-002 -0.13118693235470422     
  0.10921861677685366       -3.1913863220683361E-002   3.9613790105921712E-002  0.16207419473824347        9.2506227178918765E-002
   3.7633523549200201E-002  -6.8321965164720305E-002   8.3308774562971893E-002   6.1056871563613023E-002  0.10650575048556613     
   1.5729414475338228E-002   1.2024493437477817E-002 -0.15204060258372959        1.3457512912189011E-002  0.12962921782518780     
   8.6679674967338874E-002   2.5294373906909785E-002 -0.13411275519700938       -2.3419766323218294E-002  -9.3757837055518364E-002
   8.2208379630757569E-002  -6.9531544134414452E-002  -7.2371899338638662E-002   4.2496886936091521E-002  -7.9173796037433117E-002
   1.7689007740617848E-002  -7.6475092007765505E-002  0.11406588893884612       -5.1713337461085203E-002  -6.1044050903775869E-002
 -0.10673455812203771        9.5972339662318343E-003  0.15476228176528034        7.7154004732035139E-002  0.13916342125348796     
  0.12229508947553536        8.3353728623814946E-002   2.8927360838947723E-002  -3.3821058726589922E-003  -4.5121124674349124E-002
  -4.6517236053774044E-002 -0.14997516482556389        8.6919696597130280E-002  -5.9230518691886773E-002 -0.10080227526184005     
  -4.7837947416961124E-002  -7.1470188468659740E-002  0.10200199884858092        5.0432959243448816E-003   6.5729876514030450E-002
  0.11017320085509195        9.3785528188727513E-002   5.3845232973824965E-002   2.9637937658054770E-002   3.2930520384553616E-002
  -3.9817312145230849E-002   1.9357802363371906E-002 -0.15827438467345925       0.12916590122931043       0.16783174258060921     
  -8.1567204949775842E-003  -9.8026546680991852E-002 -0.10456883737736260      -0.14790996393409966       0.10644990538128624     
   4.0392247923735124E-003   1.2943154234944874E-002 -0.11798186238265383       -8.0363366695062749E-002  0.17996774106078545     
  -3.1736961594235870E-002  -1.9515156851881157E-003   5.6158119048199239E-003 -0.10711504125293241      -0.11209561097952367     
 -0.14751019791734091       -3.4992041459357123E-002  -6.7766607344631052E-002  0.14276420098515563       -7.5170358529986353E-002
   1.0487083607994130E-002  0.12294729016861261        9.4654071174766471E-002 -0.18296063377341631       -9.0409162489348771E-002
   2.3198005458144162E-002  0.12825426991516678      -0.14070617395802140      -0.16248760196073003        7.0967019309777599E-002
 -0.10137914951886411       0.13074636944019280       -8.0131714336430779E-002   1.3974744089409164E-003  0.15840413711550946     
  -1.0417835600903024E-002  -9.8270292357941734E-003 -0.15217328569095445       -9.5176610322212737E-002   1.2382039701422910E-002
   3.8532011021124961E-002 -0.15047726433763164       0.10538922982965966       -4.0176279555010031E-003   8.6149381668576858E-002
  0.14675200581768191       -6.8005526457619897E-002 -0.12816333831872670        5.9507455123409173E-002  -8.5957381991425094E-002
  -9.0360922132550689E-002   4.1450481561986795E-002   1.7366904377399989E-002   4.9394277263306849E-002  -5.0503062354375648E-002
   6.2197574011701728E-002  -1.4979563695019273E-002 -0.14378798692187011       0.12092397275680104      -0.10347864969828655     
   3.3008988526944671E-002  -6.5277984221714450E-002  -4.1545583819550992E-004 -0.14141223619929988       -1.6082108892340524E-003
  -7.9935148785249752E-002 -0.15303968838130672       -4.4839288482774541E-002  -5.5749085397336293E-002 -0.14417185444410266     
  -6.0969793117210951E-002   1.8603545276726006E-002  -6.9590626140076300E-002  0.12893046890652055       -3.8387431821875394E-002
  -5.2909399579635183E-002   8.4061657455064956E-002  -3.4322753178503210E-002  0.10526030757457623        1.1714964470868023E-002
  0.11148549143989865       -3.7872711112925166E-002  -2.8416471588547706E-002   1.9916589999202192E-002  0.12435215940837219     
   3.0069279218647153E-002  0.11368561447288607       -4.3375424233645508E-002  0.15388842103245062      -0.12553981398123684     
   8.0171783430818849E-002  0.15571141483874024       -4.4265366527803919E-002  -2.3138104962488772E-002  0.11939699065414314     
  -3.7111411728069491E-002  -1.1536719354690337E-002  -5.7722462685723411E-002   4.0627361201474289E-002 -0.12228221061855842     
   7.0464087379876306E-002  -6.5704197434694328E-002  -3.6444280629658814E-002  0.16332768444566095        7.2108677004755498E-002
 -0.13745689109430376        2.7168861551477425E-002  0.11131503612673822        8.9090048970216357E-002  0.11603549280390595     
   7.6368864346875232E-002   3.9313652258232232E-002 -0.17040737877174159        2.7902455289120717E-002   1.8320423125126807E-002
  0.14389116324770818       -4.5272433314310002E-002   6.8904456871659303E-003  -7.1710035998376900E-002 -0.16028994334752455     
   5.1553252670726558E-002  0.17958808094063372       0.11893417306852426       0.12836438756909074      -0.13056395834864681     
  -4.1397786644843532E-002 -0.13081508938123995      -0.15228565842804936        3.4858917888950264E-002   3.6128125435124000E-003
  0.12875979907111465       -6.4632249214087542E-002  0.16779611282002715       0.10320929355127087       0.14853872631089843     
 -0.16981093792838620        9.1107235906392359E-002  -6.1684000617718747E-002  -6.0047126368673473E-002   9.4113355482459086E-003
   3.4479863490369030E-002  -7.9003937822652859E-002  0.15334142171958667      -0.16459492247929847      -0.15546780599492782     
 -0.13448651480928123        3.0117259797469428E-002 -0.11785802744050204       0.10878847389629001        1.4519250407595609E-002
   4.0419380275142219E-002  -2.1454988247511218E-002   3.8007951147980570E-003  -7.2747830865280930E-002   4.1394994350276139E-002
  -4.9183798044255336E-002  0.13899610024888770      -0.10641857400798836      -0.12573473007625538       -6.3506351673021627E-002
   9.4904818217510581E-002  0.15226078764958328       -3.1629939294602387E-002  -8.4274776268144613E-002   6.9240693239166082E-002
   2.4186657289235240E-002  0.15559322084905167        4.1056611469258902E-002   5.0328539711421622E-002  -2.8777133113170868E-002
  0.13228970605987492        6.5157138329513156E-002   4.6696774202810612E-002  -8.6939895896307980E-004  -6.8739077965631584E-002
  0.15796571089899811       -3.5103689327852218E-002  0.13693794038546320       0.14940686781670942       -4.6461616131261416E-002
 -0.10154763825861761       -2.1529391759689823E-002 -0.10133553076999405       -2.8088174549181145E-002 -0.15697122868276664     
   8.6346374965009937E-003  0.15637587673657014       -9.3991092161749973E-002 -0.10768501308186762       0.12099163456476010     
 -0.11644634123548162       0.10262545852050096        2.1305135400292129E-002 -0.17864362131070999       0.15812900438485047     
  0.11950853007256705       -5.2560139837356509E-002   8.9106976229834267E-002  0.13662468739457501       0.10548690084113690     
   7.8061194913669446E-002   6.2702248530050256E-002  -4.5171043193246219E-002   2.7211530265176403E-002  0.10351054084605987     
  -8.9565484018562194E-002   1.6389572737010697E-002  -9.6964980844880477E-002  -8.1304620542683049E-003  -9.1187576693254974E-002
 -0.10053595233566935       -7.8247451827971368E-002  -5.0265378034750866E-004 -0.14408792801125109       -5.2058880420657854E-003
  0.12219769148797738      -0.12926543654387285       -6.2001014344615010E-003   8.3572464460448526E-002 -0.14655994545920412     
   4.7357279487903102E-002   9.5081828369101243E-002  -6.2992551467373217E-002   8.7034262316447973E-003 -0.10262718291833436     
 -0.11295451772123154      -0.15316735044299018      -0.12707556597279893       -3.9358024450025932E-002   5.0146890045190670E-002
  -5.6036001149867933E-002  -3.2387691738408740E-002 -0.15355040748212409        3.9859718309381176E-002  0.10908618518448457     
 -0.10149721644751505        1.1563544248631857E-002  0.13199367633874368        8.2762240933773476E-002  -7.1618509557619531E-002
  0.14032840264335097        4.9500835994097603E-002  -4.9184385769800457E-002  -5.6488050632664509E-003   8.7305563495825800E-002
  0.16236184076233820      -0.13876789428993527       -2.7193244120743108E-003  -6.7261394316628711E-002  0.10156820240122749     
  -8.8708493737437499E-002  -3.8826391574382078E-002 -0.14602595294806731      -0.13590408282663735       -7.1957645555695712E-002
 -0.12881826010926317        8.5919729588118374E-002   3.8481857475055857E-002  -1.5792946185110665E-002   3.5367525943211624E-002
  -4.8636594832404990E-002  0.11071382893135999       0.17502924799562175       -9.0870696740777718E-002  -4.8983099503164908E-002
 -0.14728306874911329      -0.14306340472385753        7.1046249318393734E-003 -0.10699606055209251       0.10513923827633227     
 -0.11134781867950919       -3.0982396723339599E-002  0.15740190300405579        2.8836724758580057E-002  0.10238601547050091     
  -3.4579432942095208E-002   5.2695894592173588E-002   7.6443990643074666E-002  0.18742954559927591       0.16475433429162645     
 -0.16345320337848246      -0.13411252073627314       0.10503862568761699       -7.7951104039808108E-002  -4.6995643741742942E-002
   1.3632844261230985E-002  0.10813704026018699       -2.2253444324148823E-002  0.10027800820559686       -9.0935980672018857E-002
 -0.16818507144510744       0.11379347079830444       0.14637274174807846       0.17174049881767561      -0.11755296770536017     
  0.11259704915329481        9.8331604829260899E-002  0.11172281004979895      -0.10805262627804373      -0.17763377845185527     
  -2.5018725337010977E-003  -2.4929688869377233E-003   8.5150622793675690E-002  -9.5345581926779957E-002 -0.15376070057551902     
 -0.17624629400681394      -0.15728163189292735       0.11343471013642648        8.1902013994671327E-002  -3.7471928733180448E-002
   3.7096939338766392E-002   6.2684954922898800E-002   9.2287788527417244E-002  -5.5337402427393670E-002 -0.18126772550422721     
 -0.11792251052050885       -3.7998642574118890E-002  0.16066126180932655       0.11228151259715151       0.10497392436972933     
  -2.1243418913018529E-002  0.11248942622356972       0.14731123100835911       0.10686567421039124        5.3150253476681404E-002
 -0.15203998695623391      -0.15576538811788881       -7.6467098440785738E-002  0.11460134034726070      -0.15930910678419610     
  -3.6992890070479276E-002  0.11555764674055793       0.20346665318981283      -0.13960678159031481      -0.17162636118264443     
 -0.10672386701499552      -0.13054231340144115       0.13991246383612463       -9.9945915548525707E-002   2.7828318588149336E-002
  -2.2665602670280172E-002   2.4896186939835054E-002 -0.10528183548959569        7.6500767332500871E-002  -7.9520341917639389E-002
   1.0151790607321999E-002 -0.11306298479160247       -1.3927709768549938E-003   8.9368952402355151E-002  -7.1883715228638220E-002
   5.6453116295250662E-002  0.15717446955818853       -3.3463309659245967E-002   2.6179367923418878E-002  0.12143186978604203     
 -0.14987637663603148      -0.12404184465352876        4.4134334512137788E-002  -4.4561110587967794E-002 -0.10953422115476696     
  0.10477034069266926       -5.7433029128281743E-002  -4.0831565825266786E-002  -4.9154603621294327E-002   8.6801813279349660E-002
  -3.8674581731574856E-002  -9.0805645146870284E-002 -0.14307882205253564        8.1831803138637957E-002 -0.13859212944146890     
   1.7850495128822412E-002  0.16132201287884096       0.17129844540519831        8.0943011876751583E-003  0.14389465635913926     
  -3.5414956350320208E-002 -0.11811714179373720        1.4391888895644333E-002  0.11038136991719029        4.5106619562568152E-002
   1.7265804378559672E-002  -7.2369421985857482E-002   7.3091381822546035E-003   8.5548920409102489E-002 -0.14870637687666385     
  -7.4461711739984449E-002   9.4264650343045930E-002 -0.10226614669873231       0.15360233083100377       0.15495584761873563     
  -7.1706455972371130E-002  0.14630161625905749      -0.14846888051106549      -0.15519117702529195       0.13479625621159871     
  -4.4435984195241078E-002  -7.8082176429787334E-002   8.8784216003627528E-002   3.2900378467770407E-002 -0.10298890442144085     
 -0.11151604758982311        2.2951467180842078E-005 -0.11301485794398709       -2.8751525185940791E-002   2.3586787443318654E-002
   3.5090409433741802E-002 -0.13305374982385210      -0.15421331757613613      -0.16533344607662465      -0.14442419229822773     
  0.12290513198325434       0.11379963026949379       0.10414963803739394      -0.19265283576001507       0.11224119567338856     
  0.13198697304781601       -3.5850244076759213E-002   7.9437203850215410E-002 -0.13328383400328725       -8.4451199570440755E-002
 -0.12300525617329619        5.9976073592838061E-002   2.4553978153771455E-002  -3.6703825877674075E-002 -0.14694121521243414     
  -5.0290757492777539E-002   1.2574854008235943E-002 -0.16821425594722350        5.3660437589255847E-003   9.8510481186876317E-002
  -5.1104874060358296E-002  0.11330967192093960      -0.11402328173236995       0.10696910432996920       -2.5161121108332053E-002
  0.12212084062006365       -9.0386346791444014E-002  -7.6277089789082791E-002   7.2897757108027289E-002  -7.9134987644346386E-002
  -4.8740067696720841E-003  -9.0539510481755986E-002   6.3513859416988699E-002   1.6145622482906772E-003  0.18039153758581872     
 -0.12057982997299085        9.2101457599724434E-002  -6.5455193511076676E-002   7.3517595747833259E-002   5.2886726635840986E-002
  -9.5673450766056906E-002  -3.8419808335665113E-002 -0.15074483147119258       0.13187513783075022        8.7287473617522787E-002
  0.10671050336243583        8.4638497395863904E-002   1.7311037337569866E-002  0.11965753406830949       -1.5541111842155371E-002
  -3.5248388741096467E-002  0.16732309534606007      -0.12487014480002843       -6.6502561750624453E-002   2.4871198371817137E-002
   7.6964258312853737E-002   8.1179590902296914E-002   5.0611815166114578E-002 -0.14463691410542004        9.7303763051517070E-002
  -6.5955039115381036E-004  -2.9862111323769456E-002 -0.14110295920216626        4.1304728066506445E-002   4.5044018972980070E-002
  -5.5943514715821367E-002 -0.15367976974255179        6.4041274549518093E-002  0.17895403232603926      -0.12904196565615503     
 -0.12536207698375992       0.14755848071599215      -0.11551495526730304       -2.3613382586204653E-002  0.17616726768519433     
   6.0648742736917068E-002  -1.0413703432752372E-002  0.11578236487337715       -8.6471494482648167E-002   5.8673744139575393E-002
  0.13545289562378385      -0.11415935252926225       0.20118887735235863       0.17736023522778002        4.0060932126539057E-002
   2.5989649586778497E-002   5.7064883924639959E-002   5.2056429695186944E-002  0.13469852370001703       -6.1590257283295466E-002
 -0.14195655706341156       -5.9893195532790475E-002  -1.5217093249325755E-002  0.15513277013968851       -2.6482864974890850E-002
  -9.3259917512464666E-003 -0.15117846217767497      -0.15653762676352675       -8.4472130221436889E-002   4.1945258703124988E-002
  -6.0836470320056402E-002  -9.9502380649216182E-002  -1.2010502183233074E-002   9.1201908254661138E-002  0.19729574533210112     
  -8.9101866164791141E-002  -2.6499561322281429E-002  0.12964387368836364      -0.17355926090380597        2.4556248964810203E-002
   6.0704694170851725E-002   7.0408362996806056E-002   4.8251181028406954E-002  -3.1820016881425578E-002 -0.10268395860166558     
  0.18360329616611440       0.12641190410583059        5.6979612189671562E-002  -1.0009081852084795E-002 -0.17652256787525630     
  -7.9196605956916730E-002  -6.2616149172479138E-002   5.8437745613166482E-002   8.0470403798553677E-002  -1.4721028610122479E-002
  -7.3069643165616746E-002  0.12616727457826407       0.11932134486680848      -0.13192933810999169        2.3383506544111983E-002
  -7.5817057787972375E-002   2.7916343234506851E-002  -7.5638268150905352E-002 -0.10315416692122403        4.8123019950112650E-003
   2.4987828775673016E-002 -0.15579081591431893       -7.3434179011170678E-002   7.0520534356536171E-002   4.7300320028465105E-002
   7.1402226715306299E-002  0.20155202923375160       -2.3488152987770898E-002   7.7866024070266909E-002 -0.19963248697406544     
 -0.10263850392470118       0.19840436325426167      -0.11195883345148457        8.9197375619640404E-002  -4.8736606572175878E-002
  0.11648458900234751        4.0589146589983173E-002  -7.4948245081142742E-002  0.13796133619504489       0.15272751294088391     
 -0.15366144689415126       -4.1274248529759971E-002   8.0518703048072390E-002  0.20544691819858796        9.3858056514987742E-002
   9.2579624975500374E-002 -0.17626263745927501      -0.12316717241891610        6.7391398914574824E-002  0.12072526400904120     
  0.11453418903287746      -0.12430768292447078       -2.1111810707741124E-002 -0.17896944223376621        3.0442501617213881E-002
  0.18701587730049327       -4.2676421136957875E-002 -0.14362829721570783        5.2536818926742765E-002 -0.14674922266092122     
   9.7437555488531877E-002  -4.4320538754370836E-002  0.12671872269598106       0.10851576143518843        1.8424730221535179E-002
 -0.17419220006353012        1.3519059531670725E-002   8.4620602989430568E-002  0.14596117099339601      -0.12608049291548759     
 -0.13012036321447040       -3.9027335965171876E-002   9.2501145808878207E-002   9.3054011548277860E-002   9.3086003130871051E-002
   4.9568788399937024E-002  -9.9041303514709272E-002  0.16157319287184707       -6.8648769440419311E-002  -6.8966924109169409E-002
   8.8013385284829385E-003  0.13131262809077429       0.11098031723710793        9.0171785501201251E-002   8.4734946084367019E-002
 -0.14817381813831035        6.0217825693609242E-002 -0.11747378156227331       -8.5909985642045841E-002   3.2192798447293731E-002
 -0.12341076538434576      -0.14769732573004379        6.7810741920168753E-003  -1.5938150243421111E-002 -0.12056907030209349     
  -4.3438364614666686E-002  -9.2283485311768249E-002   3.6762295246644983E-002  -3.2903826488018567E-002   3.2252865482284093E-002
  0.23250610824997181       0.16707743257273072        3.8896899319229718E-002   5.9675791685819247E-002   5.2252367690289556E-002
  -4.8117291944440713E-002   6.2826690842327351E-002 -0.10949520357280072        4.8667258283069149E-002 -0.15707916387446930     
   3.8218019647218472E-003  0.17151658437218481        4.9662245596333492E-003   2.5308070669214904E-002  0.11575249836579116     
  0.21255235324470961       0.22085928468924332        3.8879173578787493E-002  0.22344503327103496       -1.0588380674288748E-002
  0.14238292031643568       0.15774758431484667       -9.0713117954408756E-002   5.9304034943114961E-003   9.8410512110530552E-003
  -7.7554305798144110E-002   2.3987183241585379E-002  0.11627420683229869        6.2056855874024881E-002  -5.8543108282652218E-002
  -2.9289311011767370E-002  -3.1363027245301628E-002  -4.0090556710994034E-002  -2.0377311811782615E-002  -6.1146901178632078E-002
  0.17842335760794556       0.19398820033034075       0.23541892434732919       0.11887101834023193      -0.11816705426917110     
   8.7729119970565636E-002 -0.11031207874537675       0.11033415327433030       0.14227527428216977        7.9885248075986501E-002
  0.14869222870644505        6.3135040898895878E-002   6.3406132396258849E-002  0.16099479771644495        9.4707516538817760E-002
  -7.8636469035373982E-002 -0.11736341684734922       -8.5652558227811038E-002   2.0196194094676697E-003   3.5634879072299071E-002
  -5.5329176996450798E-002   7.9223572767934791E-002   5.5523930279400072E-002 -0.10275019975456655      -0.14054097159966750     
   9.8883403399234931E-002  -7.0694474736658214E-002  -3.4593619029492526E-002  0.19407991726597665       -3.4217656523108285E-002
  0.13893609405994992       0.13772415822111136        3.9393438981721519E-002   3.9995771019094593E-002  -4.8731236559506827E-002
  0.15496416312794095       0.21428786381580359       -6.1307145537372605E-002   8.4716271603977572E-002   2.1742921423918787E-002
  -3.3749878798767390E-002   9.1139603802179572E-002  -6.2307751728100769E-002  -8.4620718934974637E-002 -0.11711146078726645     
   8.8666415786984767E-002  -9.1239679492881830E-004  -5.9544482209911154E-003  -3.1060959072879004E-002 -0.16041323060428253     
 -0.15149519764504410      -0.16260339930273576       -9.7867473625436324E-002 -0.22603981512219212      -0.15090833467775261     
   4.2686520568699128E-002 -0.19014333175351553       0.11464565449138769      -0.12951418552613594      -0.11310426246242779     
   8.4648389611900021E-002   8.9661877128118878E-002  0.12878262817031313       0.12411289203511426      -0.11498024691696952     
  -3.6784822383903966E-002   6.4188002439713551E-002  0.14805502468143517       -9.9909149175955461E-002  0.15813039115099792     
   1.8825465141452623E-002  0.15563156012161147       -3.1592695130301579E-002  -3.0536885217038158E-002  -3.7788718447213467E-002
   1.7121189819233662E-002  -7.8696646107690060E-002  -7.9172864849882230E-002  -2.1846716186065790E-002 -0.10555993264574433     
  0.12050305474138431       -2.1913615537776938E-002   2.1682153104513329E-003  -5.1384878124094285E-002  -9.0454183884883257E-002
 -0.12539864190703348       0.10794336528091231        5.1093201665917631E-002  -6.7494207531404574E-002  -4.6498004075744115E-002
   7.2341572169650108E-003   4.9933618718328077E-002  -1.8115977549664441E-002  -7.7194693984570878E-002   8.4258058029071728E-002
  0.14729144030083793       0.18615747835100091       -7.0671456181246664E-002  -7.4064851476795951E-002   4.2306851941754001E-002
  -7.8847708404735567E-002  -1.8107260475536190E-002  0.18719011097492344        6.8615010221863504E-002  0.20903080556083400     
   4.2270311341646431E-002   9.9686966347336023E-002 -0.12471212045913754      -0.10828415246656849        7.4653678440843890E-002
 -0.14240472334903131      -0.10908943391005127       0.13196106938095953       -9.4755316242094767E-002 -0.16291421558062044     
  -5.4933337817017688E-003  0.10446393228332487       0.11799798270944800       0.10063857741462788      -0.10037185276623681     
  -1.1200761137329044E-002 -0.15221373364120458        2.4370085256550739E-002  0.11131038879288387       -1.1465222953696026E-002
  -2.8335643571886615E-002  -1.5147086492768577E-002  -1.0595202776549979E-002   2.8348773787949155E-002   8.4757512049121353E-002
   9.1622095151737304E-002 -0.15802321292622148        8.6880374791157400E-002  -7.6414867382684673E-002 -0.10025429236541322     
  -8.8755685928649478E-002   6.8406595151383420E-002 -0.16353742379103381       -1.8574192284174871E-002  -2.1399421850243745E-002
 -0.15891178085491245       -5.5892812628201581E-002  -4.7584515246375310E-002  -4.7294202850840919E-002 -0.11690669928961948     
   7.1464889127379208E-002   7.5648264684171337E-002  -3.4768179836902668E-002 -0.12815584655909265        8.3314749543047628E-002
  0.11422027336020464        2.0981436607427323E-002 -0.23912643625343918       -1.2152457626048213E-002   4.7796424034458572E-002
  -5.8850166012594941E-002  -6.7147483890333162E-002   1.9172664660774826E-002   3.6437815959506063E-002 -0.23264068969374643     
  -8.7055553677705386E-002  -3.2589824845654806E-002  -6.3629694934214442E-002 -0.20915549672556180       -8.0949929445639418E-002
  0.13120908754211968       0.27027942396059823       0.24775317844272152       0.17854730520219125       0.10147111610849642     
  0.12156399290499992        2.2199719273431610E-002 -0.13732295863567778      -0.10491229986908730        7.7891844418567030E-002
   3.0460939054246373E-003  0.10520590667656837       0.23621414864871315       0.12822406571206529        9.6788190203027563E-002
  0.17370824184011135        6.2324284230174290E-002   4.2697826725818941E-002  0.14638591548403693        7.6552506341697982E-002
 -0.13325031561511672       0.15321066318747020       0.19702006710413447        7.1706612515689869E-002  -7.9326994579581894E-002
  -3.1540333001783848E-002 -0.11516287081619685      -0.20846564337132717      -0.18805797762245238       0.15226375704577622     
   8.4502546846946403E-003   4.6752966028549163E-002  -3.6894064093516192E-002 -0.10875230996732486       -4.4195525637823821E-002
  0.12300609730432813       -6.9884373831882951E-002  -9.8435006064839792E-002 -0.20745315284360114      -0.15106956267466606     
  -9.7318442898612856E-002  -7.3854058125007907E-002  -4.3246647233043174E-002 -0.12652732825862387       0.15883491596309995     
  -8.1292960094460867E-002   3.8960808552903556E-002   2.7493093571614301E-002  -2.7669725185379971E-002   4.7402533410708811E-002
   5.0177265099711967E-002   4.5900363874015061E-002  0.10431383739766556       0.18988097489066233        2.2700544909455573E-002
  0.11515408556621690        1.3291285323696125E-002 -0.13581511992056836      -0.12088676929724028       -2.8958498993478181E-002
   7.2996017328808893E-002  0.14862166157609827       0.10860084697678199       -7.7729455430759264E-002  -4.3088922707775576E-002
   9.6437410610136304E-002   6.3041466223307238E-002  -4.9326193376219810E-002  0.14708830882738555        3.7210203237559483E-002
 -0.16984535610749274      -0.12442904131128382       -6.5951448236328300E-002 -0.12229917878306974       -4.7384171669204896E-002
  -3.5902766536303379E-002   4.9786770577796215E-002  -5.2261416897444291E-002   6.2575957428020704E-002   3.1802407470304619E-002
   7.0953240356096875E-002 -0.16504084650567524        7.7114707624437603E-002  0.10726792774169157       0.27744021071046754     
  0.13472447150225414       -7.2788039278582004E-002   6.5778034192613827E-002  0.12036024520735146        4.5450043863108434E-002
  0.13355728956878535        7.0913126270736676E-002  -9.9140595584004156E-003 -0.12697663345460841        4.0822259904085771E-002
   4.5937986741561437E-002  -7.1468333505009585E-002  -3.4649231855705599E-002 -0.10607903527946622       -5.8089944466623460E-002
   1.6746128607978906E-002   8.2239888625256274E-002 -0.11953372917710098        5.3149459390515699E-002  -5.1640029220036909E-002
  0.12970414569156036        5.4558102140119073E-002  -4.4011786317636324E-002  0.16335347542806408       0.15483412963615117     
  -5.4667377636848674E-002   1.8353370875919095E-002   7.1054641332379875E-002   9.3039909683924907E-002   8.5964866286237576E-002
   4.1750001604190824E-002   4.1297638574848319E-002  -2.1858278850318831E-002  0.12762267641943248        4.7156515030149927E-002
  0.11223412819619100      -0.14886146795789984       -9.6304539410740506E-002  -3.5623655459098805E-002   6.5841244616254846E-002
 -0.11671789258944215      -0.11938649276177517        3.8063393081629336E-002 -0.17106405592086091       -2.8453402341408970E-002
  -8.3069907937297904E-002  0.10252757396373355        1.4750901316207345E-002  0.22298873545556461       0.17928347666585703     
  -3.2169143000325570E-002  -8.1111186277038227E-002  0.13339693501326577       0.19601732269034247        7.4265594021868234E-002
  0.14776708747611206       0.18114748354130045       -1.2673775182564158E-002   1.2737411871426609E-002  0.16597892881689316     
 -0.14179799367892404       -7.6377890626500633E-002  -6.7231134855132199E-002   4.6354439824770388E-002  -8.6893733486026026E-002
  0.10272915479943934      -0.10734749942049158       -3.5847190260451266E-002  -3.3628096262460688E-002  0.10194657586284507     
 -0.12789408517555112        9.0016831621179169E-002  -3.6804909715794408E-003   2.4318405230607434E-002 -0.15295751426541032     
  -5.1010486728033773E-002  0.19611316306619028        4.5201973720143764E-002  0.10317370259341394       0.12757889660099389     
  -4.2142573809180739E-002  -4.5557893428891029E-002  0.10761588292663367        2.6083671451743546E-003   1.9466454233128316E-002
  -3.9633508360688061E-002   3.3905441806252275E-002  -3.6527321149457455E-002   5.0592840029083999E-003  0.16879142799437177     
   5.8495407366972391E-003 -0.10573819444773190        5.9815129230836621E-003   2.8670682279960936E-002  0.18486375191656343     
 -0.20503461589126004        2.6682737549606372E-002  0.10956525400974246       0.23052173665387490       0.25208878221826442     
 -0.15491009221008681       0.15984987956279378        3.8914226342987183E-002  -8.5122760393563604E-002  -5.7986707776876353E-002
   4.3559697334451725E-002  -5.7599332971318362E-002  -8.9222954405114685E-002 -0.14239163277482558       -5.9734898864948649E-002
  -4.5867394767204347E-002   6.5338343156148254E-002 -0.20353762743470255      -0.19458999450051356        2.5156656146278596E-002
 -0.12801821465795585      -0.20232591770358532      -0.12293844637805386        1.1551295771974810E-002  -4.8727718913650089E-002
  0.14474401819501015       -6.5421558255831486E-002  -9.6416346726535651E-002 -0.14782591417177235       -7.5381389757162423E-002
  0.17805233949982743       -9.6431895336210841E-002   3.6319117892211691E-002   3.7280693308077227E-002  -8.6644700439970940E-002
 -0.13375996491445535       -3.3883059646025372E-002  -6.5099574989984255E-002   7.2158582197507065E-002  -2.0589869001829804E-002
  -8.3267960395549151E-002   9.1697921585883857E-002  0.13434195424058346       0.21759354804288830       -6.4207255679135733E-003
  -7.5513582996522013E-002  0.18741347868640409       0.15471960129409632       -3.4062495827780849E-002  -6.8040894317791478E-002
  -3.6909192762940293E-003 -0.20417353348146253       -2.2892574190032138E-002  -5.6561423770343303E-002 -0.10500432210062184     
  -6.2306707404544533E-002 -0.17420794366298945      -0.12937489270171387       0.16594267534055218       0.17457222405866957     
   8.7583843839836265E-002 -0.13735458221424254       0.12915650196326803       -4.7387265754211337E-002   2.0504265594563733E-003
   8.1580459840956299E-002  -8.5871607469398481E-002  -9.1911056968829521E-002 -0.10603196843499738       -7.7718452363344501E-002
  -2.8676290077923855E-002   2.9555934740173286E-002   8.7431287904707486E-002 -0.17392863132300859       -6.1728911695339193E-002
   1.2858119189063977E-002 -0.13312331863832599       0.17003253024293274        6.2519675044192716E-002   3.8960666986239706E-002
   5.0602019934141138E-002 -0.10337087233048731      -0.12076003972497185       -9.4595356094373098E-002  -9.5024640756131706E-002
   7.6201259636391169E-002  -9.6252600053621171E-002  -2.6038489672035748E-002  0.10455109682372556       0.13038100999342336     
   8.8541394055589223E-002  -9.9854685600675966E-002  -8.1642629696694249E-003  0.15736106890984122      -0.17381157399720054     
   2.1045562338385972E-002 -0.10446050688157528        8.5635750390977164E-002 -0.12852097590115580       -5.1430918728531227E-002
   3.5930277424719895E-002  0.24255856863771955       -2.1494669815006355E-002  0.11696940140482298       -1.1894445371212990E-003
  -2.1171970570759785E-002   7.0232234405898680E-002   9.6185064893387268E-002   1.7880201447887625E-002  0.14846660931838970     
 -0.20081038296753109      -0.19067803080228901      -0.15218609499330304        4.8059153409650085E-002  -3.6377859278739107E-002
 -0.11329122262205482      -0.11064703631162939      -0.17358809665609146      -0.18419560657931264        9.7584989172235459E-002
   3.4300358621991600E-002  -8.0508318398371401E-002  -8.0528969705969955E-003  -6.2163784517273592E-002  -9.5824012465768799E-002
  -3.3382950058515076E-002  -4.5750718467761173E-002  0.13719023452120471        3.9334672710166191E-002  -9.4113435240727711E-002
   9.9410920789443816E-002  0.21664311978225234       -2.6844069434674805E-002   9.7491760459068086E-002   3.6147724764993269E-002
  0.20882732883274283       0.23562968841398960       -2.7553636818817714E-002   2.5407968784063551E-003  -7.6343632016220270E-002
  0.13464822174082133      -0.14623919967819118      -0.16805997541726050       -6.7057716335179623E-002  -6.2468797382458929E-004
 -0.13933757785415876       -7.5351623513767695E-003 -0.15182405484459285        3.0500075794776642E-002  0.10014587766322640     
 -0.20276785599978203      -0.13979508246187772      -0.14750125604048642       -7.0358852690146662E-002  0.14993062616867606     
  0.17764175217199851       0.21827119070607914       0.15449259294581466       -1.4735043466347065E-002  -9.3531221562631398E-002
  -2.2682602926509459E-002  -6.8718984204556872E-003   6.1357058558881253E-002   6.0822219328230585E-002   6.6453652273739824E-002
   7.3297337406729779E-002  -5.0288846675218608E-002  0.11954371812097508        8.5191976405959602E-002 -0.11395452039825028     
  0.10146449810611843      -0.12301433666913937       -9.0142074959700946E-002  -9.3041749166486831E-002  0.13989901589068612     
   1.9976619318508887E-002 -0.17689864673835221      -0.13942117355515632       0.16948825394398370        9.6532790670779620E-002
  -2.9150129047573799E-002  0.10510884238557729        4.2571455508455619E-002  -5.6760074571279580E-002   3.6821959662937845E-002
  0.11425482396831260       0.15350573854425856        3.8613198523334585E-002   8.4287376874478445E-002  -5.8810500519471181E-003
  0.18476240294445942      -0.12547779869759601       0.13677806201402629      -0.10678759395350218       -9.2895335926326816E-002
 -0.12593723295313464        1.2268582152285460E-002 -0.10462019592134374        9.6764584530812311E-002   7.7212931938113655E-002
  0.10815664189938630       0.23743894042002467       0.27218938804768583        2.1639051093764409E-002  0.13672206141574911     
  0.18609731141318853       0.30115639818878753       0.23406645410633961       0.13643999783290522       -7.7365411844877345E-003
  0.14954000209071838        2.2810758132619700E-002   5.0253008027581848E-002  -5.2397412337884489E-002  -8.5519507595711031E-002
 -0.19253888217968312      -0.13733919267401967      -0.10513282303793380      -0.12041876561071399       -2.4504532494501130E-002
 -0.12580753493075403      -0.27106244135063090       -6.6531210710649652E-003 -0.13159176802288702        1.0417688672582607E-002
  0.12646849861197754      -0.14728875898115884        4.6717048010332760E-002  -5.6737660705946193E-002 -0.10487767522083241     
 -0.11045595357721334       -6.3307939857428878E-003 -0.17129214902459122        4.4869245729395241E-002 -0.12770938976943094     
   7.1612505795920170E-002   7.8387964370224536E-002 -0.15873298402052097       -1.8464230216587243E-002  0.14250677682125606     
 -0.13099944236457509       -2.3044605846383234E-002  -6.6109131938444185E-002 -0.11229493517290839        1.2031151621857337E-002
   8.9347067731122665E-002  0.15179105427833056       -4.9973614129909050E-003  -7.9933757358539859E-002  -7.3171025918254140E-002
  -9.7569696559106397E-002  -7.0941006133414267E-002 -0.18305542524871338      -0.16883696672188611       -5.4415019036931113E-002
  -9.2478736950142443E-002 -0.12501370619976149       -6.3448841258379865E-002  -8.7440604575080155E-002  -7.3282856508234184E-002
 -0.13997092141630221      -0.10453973770757304       -1.2660856027223355E-002 -0.14680653290848245       -8.3108131756710030E-002
 -0.14479275906965167       0.14830991231941495       0.11634475636443431       -8.9845404827055261E-002   8.9956349579295505E-002
  -5.5963846017521010E-002  -1.7965444929823070E-002   6.2342683167786260E-002 -0.12086567954292726        1.7668567220033272E-004
  0.10950173734952363       0.10717584101680147       -1.3088322331199234E-002  -5.1993017693761821E-002  0.15699929810622518     
  0.10228359627836850      -0.10395381378592042      -0.15974001466228821       0.12781892918419019       -9.9787151266905461E-003
 -0.16636189906088564       -5.9919713437467860E-002  0.14616866114030849       -3.5893451916356699E-002  -5.0465247502688737E-004
 -0.12894283792123185       0.15309269933230918       0.11692101076912605       0.15218796502979443       -4.0398128813514560E-002
  -4.4180122464499004E-002   6.0061526983485443E-002  -6.0388265243142288E-002 -0.13943255637096247       -3.6511887178268448E-002
   3.4837184280236966E-002   9.9573274583353133E-002   8.6333447165438393E-003  -5.3429518447796857E-002  -6.4197502991973771E-002
   1.1518146399393105E-002 -0.12410741947380839       -3.2882775974222192E-002  -7.1899744629833437E-002  0.13485305034704059     
   9.3356747966688775E-002 -0.15874427836184266        9.6812005250772507E-002   8.7255249878364555E-002 -0.11444295129978958     
  0.11089277660153765      -0.21399278867227114      -0.12880849556901555        7.6287304804555173E-002  0.10215296535601631     
 -0.18479346349851175        7.5207737577993358E-002  0.22313331308717818       -3.9847581180959317E-002   7.3682310127818243E-002
   2.7888709803805756E-002  -7.0598739510754932E-002  0.14979085433376921       -7.0280859487450442E-002   2.5256989606382462E-002
  0.19342368831706350       -6.8068240603578800E-002 -0.11841205357333506       -7.7410538595741318E-002   5.0202454755894910E-002
  0.16023881195350145       -8.7022102125676029E-002  -6.9076718509411328E-002  0.11623366577894655        1.5584953734419928E-002
  -1.1437905325306266E-002  0.15317968843833712        7.3041106667036393E-002   5.2468376666292373E-002  0.11580664341218908     
   2.3710279039916259E-002  0.10864808196385298       -8.8476272559952371E-002 -0.16407455996529660      -0.16260340824876596     
  0.16903475415937827        4.6617730539298435E-002  -2.5209929905131611E-002  0.15032562375135741       0.14170929313655770     
  0.12130244133409253      -0.14397508938695031        1.7330611618001104E-002  0.10105372582986524        1.2841662264643332E-002
  -4.4171244873501041E-002   9.9189475444136074E-002 -0.15857478288879781        3.6058585094423286E-002  -3.0395038277117786E-002
   5.7714928706454297E-002   6.4104000470114178E-002  -1.8989869937997467E-002  -8.0876800915970284E-002  0.16773556929342623     
 -0.18520424333228910        1.5933706163090873E-002  -3.7303502055584317E-002  0.14233216944551008       -2.0070468085447612E-002
  -6.2015212813835534E-002  0.12901343743192548      -0.15197593646207355       0.14776850454721757       -7.1924317359414458E-002
  -6.8473397514433931E-002  0.12297285949690685        9.8095315898403465E-002 -0.11371517033220715       0.15045153871249037     
   6.6757840852964198E-002  -9.5241221745939755E-002  -8.1868953160933299E-003 -0.11037237417774637       0.16255180831431973     
 -0.13093226272053918       0.15519931694232281        8.8105170986237744E-003  -4.0247606824265168E-002   8.2615879840141793E-002
  -1.6549925494537793E-002  0.14271249982332740      -0.12354873604757806       -6.7724797511138191E-002   7.7965253770628781E-002
  0.18415280865458591       0.18932178752033138       -2.3039323037123860E-002   6.4171687903465904E-002  0.12697288063644430     
   1.0238330342563971E-002 -0.14528074429095086        2.5000207927070056E-002  -4.3695878500780737E-002  0.10052714710491376     
  -1.5364719109754849E-003   2.0612902875530595E-002  -8.4831250339083827E-002  0.10585720085152220       -1.7371821618015627E-002
  -8.8645870833253440E-002 -0.20804925279865288       -2.7282300526699933E-002  -3.4888486600107460E-002 -0.10234307753406748     
   1.1047295922010446E-002  -9.7843576360074458E-002  0.13004157366842814       -1.4573984818687924E-003 -0.18249120847680197     
   4.5959008628729391E-002  -9.7313639322146872E-002 -0.15652509422058411        8.8185346550214302E-002 -0.11498015870197463     
  0.11890802079334430       -4.2172140141812822E-002 -0.14919340625598765      -0.12240125542396166        4.1586960756591733E-002
 -0.16743433055679913       0.12711803971502530       -2.6290835717638291E-002   4.5610534076106019E-002   3.9808558608673925E-002
  -6.8746351564372855E-003  -4.7478953565739994E-002  0.13628585389816084        1.6380066468173117E-002  0.13859462427017483     
   9.5527060425311366E-002  0.14345105569173044       0.12434205612933596      -0.10327787607873104        1.5672744995991115E-002
   9.0450776995803339E-002   8.5262596302215277E-002   3.4535623418374198E-002   3.8849297146717712E-002   4.5036225677640221E-002
  0.13319901072683515       -2.0864377884434501E-002  0.12097975209327547       0.10464819211408090        4.3586759163123934E-002
   9.8202399422985739E-002 -0.19550383033274549        9.2499583891141351E-002   3.8019477585745240E-002  -2.3036088152871739E-002
  -7.4742797020377352E-002  -2.2400329152294188E-002   7.0563867226972651E-002   2.2771939985805213E-002   4.1212195353068026E-002
 -0.16118965404495542       -2.2086353686129316E-002  0.10760059109653530        2.5902037342722013E-002  -3.5000411474499581E-002
 -0.13917707427884754        9.5535980086924835E-002  -1.2316364474572725E-002   8.3390277158254686E-002  0.13669162844237714     
   4.5288497967680329E-002  -6.6128597619578636E-002   6.8978986801533065E-003   1.3383056504441059E-002  0.13085345768258447     
   7.3290530937283244E-002  -7.7508183300779548E-002  -1.1794551284656641E-002   9.3929265008886209E-002   5.7012648278080266E-002
   2.3022282029302794E-002 -0.18866901821507426      -0.17829879963188563       0.14675278754217280       -1.7257845597378085E-002
  0.12047516600940913       -7.7320787984765924E-002  -1.2130383375337880E-002  -2.7363808569173063E-002  0.15909758541805658     
  -6.6953502234657181E-002 -0.10910864543156439       -2.2145152368203105E-002 -0.19171088715343840      -0.21227533808239174     
  0.13756070229143788       0.18765520369231106        9.7163762481222340E-002  -4.7402378716089384E-002 -0.16443748046902221     
  0.17847210185505369       0.20707935723315360       0.17912363128433229       -2.8889398283316055E-002 -0.11571862912937218     
 -0.11042199970895711       -2.2377170364459393E-003 -0.16467347507747998      -0.12312132132509442        5.6320497340264022E-002
  0.12340627247606306      -0.22637518418925870        6.4066096142695053E-002  -6.8517861463450361E-002  0.11439466317980813     
   7.8796336687382784E-002 -0.13228861975660780      -0.13476854710030312       0.13022859173071161       0.13030683570074006     
 -0.18861464412762330       -9.4524553163685687E-002  -4.3223228170828062E-002 -0.13221800764213518       -2.6630762819773317E-002
   8.7273611465672904E-002   8.6269785830668383E-002   4.8717896951610884E-002  0.15120377234623616      -0.16796015670566028     
   3.2790170486507409E-003   1.4273464057791346E-002  0.12591975404049049        2.5102776052627951E-002 -0.21690258328184409     
  0.16660965610433665       -1.9457089479923060E-002  0.12376840359305065       0.12489831665617933      -0.11662666117805176     
 -0.16982741432316859       -3.1742711396598455E-002   2.7875571376062228E-002  0.10528581558604447        4.6978457097974907E-002
  -6.6360790612882303E-002  -8.7831296110126758E-002 -0.11715784604221818        7.2004669390268977E-002  0.10292145797260160     
  0.16908205084671371       0.10162660426276696       -1.9678788019442683E-002  -3.6852184757978591E-003  -1.0199334284983968E-002
  0.18518577417951532      -0.14621414156703658       -5.2896814622918599E-002  0.12429559902281667       0.11348838289044764     
  -2.0594103647871780E-002   7.7789046494151526E-002  0.10011683183381727       -8.8322353945877480E-002  -2.9563555950121577E-002
 -0.16249035594225741        5.9382664394532540E-002   9.9682897488212296E-002  0.10258870680090973      -0.11716856052598811     
 -0.16593804266880199        8.9909812176834900E-002   9.5483159100189906E-003  -3.4688196722671774E-002  -7.6340094657256330E-002
   9.7788051894765082E-002  0.13481881150589128       -9.4186773205900149E-003   7.9126040077482890E-002 -0.14631438853709344     
 -0.14568879306959867        5.5103333349200777E-002   8.5263039810002703E-002  0.16427856227514484       0.14783166635982217     
   3.7863499503014715E-002   4.0645518543661281E-002  -5.6368544360298770E-002  -9.7065770534620899E-002   6.5078078180253870E-003
   5.5662852273616670E-002 -0.21939009331423287      -0.15420617662792399       0.10403190037721978      -0.10206507044901580     
 -0.10982685124437465        2.3875251253439662E-002   4.7695675405904268E-002 -0.12099253381168670       -5.0726628841428166E-002
  0.12459706461818792        7.5713871286125015E-002  -7.8321500400509253E-002  0.10914373830605432       -5.1262116637257459E-002
  0.11935112082431008       -5.3541973799551652E-003   3.4215042886250970E-002   2.2537110328673267E-003 -0.21964923992847171     
  0.14163395010858101       -5.5342714283619671E-002  -9.5102676891793816E-002   1.0074043734094106E-002  -6.7415357798250697E-002
   2.9233653399421151E-002   6.3510884477755977E-002   6.0987614505584292E-002  0.12158781888482466       0.11180259830673273     
   4.7456668646873243E-002  -9.2038342005833149E-002   8.0127668114950423E-002   1.3890850560611942E-002  0.16857799444137755     
  -6.5003995618054519E-002 -0.15408807821046025        3.5332281348451677E-002 -0.14778411129115360        3.7145336134526218E-002
  0.10199837289561549       0.14095543667698107       -5.5482791096222554E-002 -0.14292625499538822      -0.13809646488156410     
 -0.15446392693132782        7.2476485655286596E-002  -6.0254889122465266E-002   8.2420268309694303E-002  -8.7046457901275409E-002
  0.12170174919703948       -2.1432221842634349E-002  -8.6773385444650825E-002  -9.5047646440361136E-002 -0.18402713671102963     
   7.8267377161868268E-002   5.5392845676510323E-002   2.2217502053070042E-002 -0.11536482503771511      -0.10633382836484476     
 -0.13446667719079702      -0.13072394628718362       -7.5637925701338288E-002  -9.3043515773421737E-002 -0.10143655963151584     
  0.12437426141659709       -7.4029506285981123E-002 -0.15676016364196566       -5.6240350915200812E-002  -9.9795449301438660E-002
  0.20214997847779972       -7.8954749394441623E-002   5.9370920934543166E-002  0.10068174733965733        9.0124826478643241E-002
   1.7612397641096950E-003   8.1595098539887015E-002  0.16151354236438650        1.1894769034324225E-002 -0.10188203993025294     
   5.7624734730870542E-002  0.14739011933744703      -0.16864563669238761        7.7157829382335272E-002 -0.16269231209687676     
  -3.2860584964449317E-002  -7.5790449771576271E-002  -9.1524123616841910E-002   8.6873434575769654E-002  0.17348296933250967     
  -8.4634325901289442E-002  -4.4801393488269864E-002  0.18909098763342808       -4.0499258744061774E-002   1.8988825188242901E-002
  -3.8183397958133303E-002  -8.5304150346624155E-002  -4.9301108999977951E-002  -5.0524919309832259E-002  0.11921724721705473     
  0.15768409872606309        1.2384326767098115E-003   4.2102523843915232E-002   6.0601532561257415E-002 -0.11033987139304914     
   8.0598269943172887E-002   4.0817997924372365E-002   6.5784029308880068E-002   8.0190822766979100E-002  -5.8066711190362344E-002
   5.0560946209486181E-002  -9.0826937964786511E-002 -0.21669093757704513      -0.16162916558372611        4.6249749295486767E-002
  0.11914473966294320      -0.16868009504578621       -4.5304499828943606E-002   4.8171427168215028E-002  0.11222486250628630     
   7.0689660625641554E-002  0.11238081665719592        6.6485396859744236E-002  -4.9301446963911158E-002   9.1038714102983073E-002
  0.14647578953533641        6.8038617244087371E-002  0.14166466005660971      -0.11370284946469664        4.1657258833049424E-002
  0.14847998039535076       0.14464237174315125       0.15911066757554479       -3.2892025010598472E-002 -0.17370394541754205     
  0.23928795723504723       0.21901211960135269        3.6409935094215203E-002 -0.12732174038273947       0.10328050056105641     
  -3.7981110694996635E-002  0.13496005270261791       -6.6764567687972787E-002  -1.0467696846695934E-002   6.5284165671074812E-003
  0.14395165275442665       0.11904861501654404      -0.16870286290326983        8.4862664788470862E-002 -0.16551167917209697     
   9.6880752518793412E-002  -9.1827395649124371E-002 -0.11756132555082978       0.10134519016391906        2.4331971203596092E-002
   8.5910356537172716E-002   4.6057770007927420E-002   1.8778775539885148E-002   9.3293200051242399E-003  0.16512281557487449     
  0.11321508323437095      -0.11444914557902175       -3.2495875831804286E-002 -0.15039951214548777       0.15601206309106816     
   6.3279615835694941E-002   9.6443006072085155E-002 -0.13877237214446136       0.14772182200792022       -2.4968770629843828E-002
  -2.1058676430230905E-002 -0.17490596717065690        7.4847267857250724E-002   3.7742805946077262E-002  -3.6037154251692079E-002
  0.14637468350350680        5.6465819469465488E-002  -4.7496948402107657E-002   9.1263983298041043E-002 -0.12936897161694225     
  -8.5707246707421081E-002  0.14904682162280031      -0.10123203646315006        3.1870915348971879E-002   2.6278400235881128E-002
  -2.4117267602719417E-002  -1.3945734747396745E-002   6.8427880379707928E-002   5.9217622909734140E-002  0.12931629912957043     
  0.15461179481529866        6.9671670416848769E-002   6.3431504452341317E-002  0.15708996618246526        2.2530988863185639E-002
   5.0900570003509164E-002  0.14251471177633665       0.12959911149224387        8.8108090484534288E-002  0.12582266550306567     
   1.6303837364146624E-002 -0.11089383804268560       -2.4783616305136286E-002  0.17718379673698489        4.0972024344417650E-002
   3.2061798309840541E-003  -3.5381848712993602E-002 -0.17020308455740102       -5.2081460678032321E-002   7.2323593448873486E-002
  0.13851163253778886       -5.8057981966440915E-002 -0.10231564497001132      -0.12106608558734941      -0.13346496693905618     
 -0.15264825026250092      -0.20058929983209978       -5.1627257940024943E-002   6.3105699677967836E-002  0.12742162480355668     
 -0.12098584864484051       -3.0285460989091920E-002  -2.7152970649020291E-002  0.12300878080177867        3.0771242310334929E-002
   3.4632597755893633E-002 -0.10236613660967463       0.10943001629773107        8.1107291680944771E-002  -6.1641546095656731E-002
  0.12394587656626094       -8.1669194234584713E-002  -9.2988999021648852E-002  0.14871049762667310      -0.18832614895469116     
   7.4330488657088092E-002  -5.7156488216654852E-002 -0.10439792152312090        2.2427168377155762E-002  0.13240666236003179     
  0.11099672330006427       0.18058984922340704       0.12198661079902721       0.14506064975956184       0.17110392167295344     
  -4.9457801904725422E-002  -1.5009929465283280E-003  -9.0266819261676720E-002 -0.10713808570256902      -0.15731852612353697     
 -0.13638498640274674        8.3744591394661963E-002  0.17782033911818748       0.15595423144056161        6.4184405221487557E-003
   3.7753519990647459E-002  0.18283088018549296       0.13901467888688387       0.11199091390637637      -0.11772335419036402     
   1.5639929205199368E-002   5.1614634211294849E-002  -6.1754224146004941E-002  -4.2867613981081472E-002 -0.14850347314840262     
   5.8631780432698545E-002  0.13916288392629286        9.1452414930189477E-002   1.0648859387169210E-002  0.16913401912172907     
  0.13042798474450773        8.2940312729516255E-002  0.17649664101831233       0.22760219113979852       0.10820346246143023     
 -0.12369312664376013        8.5709543650478847E-003  0.13873230094948585       -2.6188517895987310E-002   7.6481866171880603E-002
  0.12440950292251435        8.4925270769235991E-002  0.13187719171531770        7.9675126711563488E-002   6.2117680767795565E-002
   8.1178747466386661E-002 -0.16163114363843667       0.12266530083274456      -0.18675095979058270      -0.13756326512258407     
   1.1921363523918441E-002  -2.9488334013294180E-002   5.1700786852563269E-002   6.3726027735531904E-002  -1.7723912353389330E-002
  0.14884089903121495       0.12158634636766834        1.7706987860283359E-002  0.23945392496954856        3.5956907901219852E-002
  0.17502723919738136       0.14615903711724149       0.10925736515088813       -4.9204763702919339E-002   6.1414574010796398E-002
  -7.2523532490644874E-002  -8.6836613545881888E-002  -1.5146858879685280E-002   2.1878310806410645E-002 -0.14031661478220681     
  -3.0215714395392248E-002   8.6655049477873308E-002 -0.21462251646785122      -0.12813902743719627      -0.17504232664702704     
   7.5976264452104494E-002  0.11633272497611548       -2.1901673361017789E-002  -6.5771216680100570E-003  -9.8885474061073189E-002
  0.16736879486671785        2.2209199461856160E-002  0.15588902781755151       0.21991765607232547        8.4926919989640651E-002
  0.10165756481929918       0.12349025422963128        9.0031454648443920E-002 -0.13764881807677090      -0.22046123898831882     
   7.2125530647586186E-002  0.21996241895661264       -5.3566172042419709E-002   3.3015229549873848E-002   6.8621903502907144E-002
 -0.11649828414129948        2.5863430716885568E-002  0.14592069581733624       -3.5976315385681891E-002  -9.3473537230374257E-002
  0.12825985378216617       0.12338840832821352        9.0874652477396359E-002 -0.13919849691281272        4.6680558909858672E-002
  -1.6486578363843787E-002   2.4346982080490291E-002 -0.18864331760534866        4.0335581281353276E-002  -7.6524982348165002E-002
 -0.11912674489824054        5.0559016216684495E-002  -1.4587767815028565E-003  -2.9703224808539447E-002 -0.11195688552024681     
  0.16988385631463893      -0.10504059370110445       -7.2683784879178731E-002   3.3339474613758344E-002  -5.7638966120326283E-002
  0.13599601597353478       -6.9029032407100108E-002 -0.18631952949860503       -3.6620361016767834E-002  0.17655565231449710     
  -2.6934403265618495E-002   5.8520371821308093E-002 -0.14209749757143719       -6.3096097029604753E-002   7.9280136618654989E-002
  -7.5286809065805607E-002  -5.5042644522640641E-002  -5.4802740075882615E-002 -0.19996953777024984        5.4116971069783698E-003
   4.5117891526250349E-002   6.1441644600573254E-002  -8.3410836719356299E-002   4.9582598143404669E-002 -0.18152475067144028     
 -0.16744788578345352       0.11206431489971193       -5.8020524137102923E-002  0.15590276010586268        3.5657366280074584E-002
  0.11254576733237784       -7.0369050846098319E-002  0.12517813136784686       -4.5167107171870120E-002   5.6349196143230654E-002
   6.0025958809586888E-002  0.13025904131316987       -3.2025948682014943E-002  -2.0115852737203364E-002  -9.2687270363393123E-002
 -0.17308691584150759      -0.13568291392795251       -9.6820737332109410E-004  0.10064859571894720       0.14174291431833763     
  0.15281278743842169        7.2821012034590307E-002 -0.12016677443997673      -0.20240085413944958        6.8857907128531085E-002
   1.6418805808424860E-002 -0.13568676498715637      -0.19318367612263215      -0.22265509643931328        7.8924978589045791E-002
  0.17337330741446869      -0.12809514772170633      -0.24387181087030413      -0.12947203186278747       -3.2029483228817900E-002
  0.16909576051668304        9.5070976464908738E-002 -0.13581818935428702      -0.10678402094934340       -8.7964320305444710E-002
  0.18761198348876126        1.0142994491860707E-002  -3.7601209850429182E-002  0.15168288193421969        4.6538375151264730E-002
  0.18244656782150559        6.1736694560250070E-002  -1.0116556397680870E-002   7.6362658639461206E-002   2.4107466921188331E-002
  -6.5401766650882612E-002  0.16211474910507420       0.14575860630288220       0.14287807407806358       -6.7371133970889324E-003
   4.3124418485038431E-002  0.16073271258746008      -0.14581391970432855       0.16094773429817835      -0.17371600976934426     
   5.3741096864705254E-002  0.13414242537548760       0.17826696132159228       0.14497904659521307       0.11131483831779689     
  -9.7688326608808038E-002  -1.9196410766941285E-002  0.15699870880161992       0.17768347617184593       -1.4143731372620819E-002
  0.15295074844345122       0.14671181371633599       -2.0375010878805198E-002  -4.4267080330962112E-002   6.5362618252120364E-002
 -0.10862670635943945        1.1529578240643899E-002  -2.4941542290582092E-003  0.16350094692691439      -0.14410076244163822     
  0.11340806758763705       0.13669954375162571       -9.4592802365776857E-002   2.0386859343407514E-002   2.7348532640521696E-002
  -8.5177091493285992E-002   6.1144856331112600E-002   5.5655130685188878E-003  -3.2198922877266563E-002  -7.6414775864171725E-002
   1.9719975885403314E-002  -3.1361599617829181E-002   6.9162240842437633E-002 -0.15126932900860482        5.0575902635091791E-002
 -0.15604281628930705       0.11014472385568186        6.6711917494764239E-002  0.15538551959227220       0.12934550111354923     
 -0.12112850369584906      -0.12382092052054243      -0.16558634258538393        2.6254329058517295E-002   5.5124277258034621E-002
  0.10475785611334090        7.6623874924468496E-002   1.3094996108677327E-002  0.15874569410543241       0.14444441198080704     
 -0.11929971450713689       -4.6752403603441024E-002 -0.16728007850498447       0.13458184524885938       -8.4615153855155001E-002
  -8.5170264697753711E-002  -1.9196871488606815E-002  0.13335312074085148       0.10047095180790494       -7.3085105569724543E-002
  -9.3170774629628930E-002   7.3040845933051268E-002 -0.12523759897561171       -4.2681660618796883E-003 -0.14665658537095186     
   2.6845388789216731E-002   8.8440876175175639E-002  0.12845484346209970      -0.13182756577917490        4.2894929824576412E-002
  -4.9692413292286262E-002  -6.3245494991537213E-002  -1.8103407538547632E-002   7.8738059026360538E-002   1.0592618777376142E-002
  -9.9552926615161838E-002  -9.1251400298710900E-002 -0.16909488497256350       -9.2550789020750659E-002   9.7207206316994282E-002
  0.11120708157406471       -2.3575342447544972E-003   7.9896522595260255E-002   7.5839699532787019E-002   2.3713423536589919E-002
  -6.4607805011104261E-002  -4.6370141354790083E-002 -0.16583757697029336       -3.7084492163068722E-002  0.13359704722843743     
  0.10250772698369295        1.9298060248663099E-002 -0.10556242757143777       -7.3421601039525955E-002   6.8294287761806016E-002
   1.0798276607338753E-002  -7.6110436567826220E-002  -1.4572393007572695E-002   8.7261555382857375E-002  -4.7891016555309925E-002
   8.1557988159591074E-002   6.7787317534771754E-002  0.16675812357583297       -5.6358797097987939E-002  -4.1271699727915764E-002
  0.13400399661423923      -0.14084481585406894       0.13506788757409949        8.0232610133311011E-002 -0.14887973020217585     
   5.6753171593606974E-002 -0.12317071712438578       -6.8336377356974717E-002  0.11247064774300716       -7.4812615476602048E-002
   4.1194175283391067E-002  -9.8508530929508814E-002 -0.15448599830853274        4.7857072667385515E-002  0.11180773038458962     
 -0.10689755774128541        3.8989555469801283E-002  -1.4573684300978088E-002  -4.7768491634710079E-002   4.7240073026694869E-002
  0.15772919458768683       -8.3285628523158434E-002   8.3954308051622101E-003 -0.11584944991448162      -0.11251342291107196     
  0.16730988871044217      -0.16428966677865850       -8.8939143600829079E-002   7.9676022348943401E-002  -1.6554521638534245E-002
   1.1718130636101026E-002  0.15932094700856811        3.8785784810764133E-002 -0.12743164086217348      -0.10607032783150923     
 -0.11412020660490951       0.16973880603377114        7.8798553757271295E-002  -5.1302815612779065E-003 -0.10209703152392714     
   6.8120965752632823E-002  -3.9196710172669832E-002   4.1547554203240543E-002 -0.10570602606168622        4.9239214544060508E-002
  -3.5476729371982062E-002 -0.10089046083038961       -2.1698733154414025E-002 -0.11609557770114702       0.11058597586000822     
   1.5062193134257355E-002 -0.15304208658010993      -0.11655053674218803        2.4457215299747835E-002 -0.11277340065588302     
  -4.3115212229845072E-003 -0.14456297710180252       -4.1393667486484473E-002   3.1026999952927896E-003  -1.1254617810528599E-002
 -0.14752735557288299        1.0047777750541659E-002  -2.5893123431823550E-002  -3.2429025504891783E-003   4.9031590424454359E-003
 -0.12595087240529537        7.3287272107616305E-002   8.3056424694412337E-002  0.15641517335502589        4.9498091964647689E-002
  -7.0118594963362271E-002  -3.8985349809149234E-003 -0.15434016243405566       -8.3564740258999140E-002 -0.10085626941745768     
  -5.2383929272701146E-003   5.0206146591503305E-002  0.10610402750576664       -1.9118576863067765E-002   6.3891560385832876E-003
  -5.7483742919215597E-002  -7.6757197973560634E-002   4.1045812940467344E-002 -0.16430989312072766       -8.3622916752664797E-002
   8.6880558382643289E-002  0.11508518874675142        1.1736806195171265E-002  -7.5202432413173259E-002  -2.8479201557594577E-002
 -0.11465501741538921      -0.13837406721788773       -4.9788614872067843E-002  -5.5707485911402468E-002 -0.10088436116295761     
  -4.7337201373089006E-002 -0.13641702344111789       -8.4366566305546592E-002   1.1210126198269102E-002  -4.0508436495201659E-002
  -9.3100300456358170E-002 -0.14593116115485755       -5.6803715643096622E-002   3.6186490345930661E-002   5.0480880376154766E-002
  0.10242569359186070        8.6215054723210546E-002 -0.14639168019182022        4.2406707822265889E-002  0.10016628610931415     
  0.12802679636320941        2.1541721394663916E-002   4.4572922432769647E-002  0.16110609818009178        6.7818426351643505E-003
 -0.10282565921285439      -0.17556709304465748       0.10971364817882012        7.8816593182978414E-002 -0.12999151228190645     
 -0.16892817509074454       -6.8549781109914554E-002  -6.9133813710040931E-002  -7.1814041866083742E-002 -0.11217984708836375     
  -9.9987860464716471E-002   4.6963873701511998E-002 -0.16321832258202590      -0.12143897299502394       -4.6630321627754510E-002
   8.5899349617810594E-002 -0.15068645067656675      -0.10434335548797570       0.15335961582226737       0.15009010970836667     
  0.12302861274621608       0.18162323474234801       0.17523371199830312       0.13879908857208278       0.11367023180619516     
   8.6154709126369494E-002  0.15279812815764190        7.3259333106940175E-002  0.15529219387990167       -7.6100062010400926E-002
  -6.5701891525280678E-002  -6.5588110239191810E-002  -4.3425881097863939E-002   4.6235949898037277E-003 -0.12388282218305652     
 -0.16408308972695490       0.14112104394438060        2.4512700955008793E-002  -2.1973899201034253E-002 -0.16018216740989380     
 -0.14742237808173686      -0.17970025424616135        4.8343133893937754E-002  0.11687154206818827      -0.20800886849655983     
 -0.11204319707980463       0.12775254394673607        4.4395577422927754E-002  -4.3313071058184695E-002   7.8022210303671888E-002
  0.14937118764003796       0.19613133698207597       0.12535513124272338       -9.8370476423041739E-002 -0.10094307824851027     
  0.12781454483748250      -0.14713606230203352        3.3350864650589021E-002   7.5499295639594913E-002 -0.11364356032033801     
  -6.7150195659880826E-002   1.7478156282309372E-002  -7.9684257515966792E-002 -0.16676152902360747      -0.17916670464030024     
 -0.15106643463218886       0.12987468763381635       0.16422489212875105       0.16238390652185203        4.9640487802404848E-002
 -0.18701427403841581      -0.10894776445700877      -0.19029613913679266        1.6043397930100272E-002  0.15153976199964564     
  -4.5237123082991701E-002 -0.16014884493645423        7.5907663594623970E-003  -6.0391488741407477E-002   9.6585557322465751E-002
  0.19310292634862375       0.16826121180911188       0.16450663323406584      -0.16895013952205576      -0.14572537288942278     
  0.18403954717186979       0.15059855764414395        8.7256892984692094E-003   4.0726442670152192E-002   6.6616810419807534E-002
  0.13108684912790430       0.12549853794126248       0.11678984618654405       -4.4091808844295137E-002  -1.5002936092021992E-002
 -0.10116740265515328      -0.17243514200793517       -4.6590997594899507E-002 -0.16528909589991611       -6.7392346802266689E-002
   4.8042271486798030E-002  -3.3444692140240949E-002  0.14593296246087911       -4.6561215203664831E-002  0.15077409338172909     
 -0.12508353113570919       -5.1238267790464108E-002  0.10673652612871576      -0.10548305526931460        6.4524474778663549E-002
   2.8993623573378462E-002  0.13801061698570261       0.18938175652248260       0.12417780153955213       0.20405836418702594     
 -0.15412051206713565        6.5415007775394649E-002  -2.6015786951510248E-002  0.16458102537154767      -0.13237235988167934     
 -0.15489807466756975      -0.14906476802557525        7.1443809716374748E-002   3.6901593487615278E-002  -4.0079673723264493E-002
  -7.9897971291161100E-003  0.12146196690770003       0.17410283968615881      -0.10195076743152266      -0.11346072191818847     
  -3.6314368569607368E-002   7.5390534486457370E-002   8.4453905356580067E-002 -0.16740085654426193       -4.0014025546556333E-003
   9.2312502699035501E-002  -9.6895735689959378E-002 -0.10083496650012876        7.0700465363781217E-002   9.6387397800382191E-002
  -8.6995572060136805E-002  0.11826300390625250       -1.6182499651401770E-003   6.8253652528749237E-002   5.7881856230986142E-002
   3.6111685959973834E-002   7.8393302312002325E-002 -0.11961260432295732      -0.13547823528698172      -0.13666465610314452     
  -1.2452426965658441E-002   3.6049851327264272E-002  -1.5929616374551748E-002  0.10531108120428126       0.13121694251526000     
 -0.11542083846716232       -5.7332772215147668E-002   6.1113765616962260E-002 -0.20689229755019084       -6.7370443928884069E-003
  -6.7910174533630144E-002  -7.7478558570290471E-002   4.5065940866751371E-002   9.6684983903248492E-002   5.0286398578226216E-003
 -0.13068235771353492        7.8703429502824176E-002  0.12142937830576217       -2.8901725036741010E-003  -7.0740986187121629E-002
  -6.1753359295511470E-002  -2.5482327140523880E-002   9.9008675882430994E-002  0.15116503596389491      -0.11646232437673638     
   1.4174325934541909E-002  0.10811590594558633      -0.11253859668193736       -8.8547209468845922E-002   6.2527187791545744E-002
   6.6946687422425225E-002   7.8131462374630437E-002  -5.9949910400766741E-002 -0.16830251553117281       -5.1554255566186105E-002
  -8.9295394096532130E-002   1.7802125731520610E-002  -1.0226563659970402E-002   9.2501953772595027E-002  0.10642133445064424     
  0.13311752892343875        5.6420624804144552E-002  0.10758093565814034       0.20597905623461429       -7.7175262598442942E-002
  -7.6476168820253793E-002  -7.2967827540714278E-002  0.18820460244998224      -0.13783037127485018       0.11719276941209850     
  0.11060540230643581        2.2002924693647400E-002 -0.10946534856367506       -1.0653148701982893E-002 -0.12980514657574646     
   6.4459890023118777E-002  -8.8815037168733055E-002   6.8503000021121335E-002  -1.7426222150414280E-002   5.7494507722376846E-002
   7.9237630310191709E-002  0.12244664991959184      -0.15104058782030871        9.1635858902635564E-002   1.7056025226098309E-002
   8.2321193883863636E-002  0.11545357905437637        5.9025579301611911E-002   3.9702005427008497E-002  0.16026156106649467     
  0.10451754957117951       0.14279342674668663        9.3946921581186671E-002  0.11629829734341832       -7.5082470371909543E-002
   4.2767046312595430E-003  0.22071108790148203       0.14987599637540391        1.7283485738102230E-002  -9.5418394304879681E-002
  0.15023372652990075        5.6017373526845000E-002 -0.12372415879966553       -7.1049622326810405E-002   5.2711635635441900E-002
  0.12101373028717832      -0.12906028757391003       0.16781697712899157       -2.1567471051933039E-002   8.2509632286826978E-002
  -3.2502143284863907E-002   5.2343265769896237E-002  0.11911451969516373       -9.3941263115855350E-002  -8.3251485870344227E-002
   2.1690357268418736E-002 -0.19276863084463849       -2.8567741313086328E-002  0.12767201765903610       -3.7972926948941089E-002
 -0.21424974994383797      -0.25387908699326361      -0.10202333306037160      -0.20496111689499955        2.2337274708850764E-002
  0.18531853690278241        3.2024350000882988E-002 -0.10882770029711790       -9.1730660939009417E-002   6.3887195609272238E-002
   4.0255943918059645E-002  0.21708735039885393       0.21255624357105038       0.14113360334123040       -2.8743508840355540E-002
   4.8896875719854523E-002   7.9157241303165440E-002  0.20788365976575246       -6.0958317641681567E-002  -8.3018489850349819E-002
  -6.5341322000921371E-003   3.8826755935556234E-003  0.16548844734401066       -4.0905467119194842E-002 -0.18645136955121314     
 -0.13685646385644046       -6.0677992458898863E-002 -0.14745986395224750      -0.19338725294743200       -6.8487274280462251E-002
  -9.2919474269965455E-002 -0.16100109941199878        1.1162374151236290E-002 -0.15885912889496759      -0.12485744471518621     
  0.13988799919631950       -1.4157078047611207E-002   9.7010260563903147E-002  -1.9832136658526418E-002  0.14529560756873378     
   4.1128093270216368E-002 -0.12244004669024833       0.17248911129752267        6.6762394271613956E-002   6.9448428865609604E-002
   8.9129971745860473E-002   3.4511450859560124E-002 -0.10207405563074150        4.6420788099385532E-002 -0.14375852552521340     
  0.11729931112001410      -0.10017601702507502      -0.10708176987071291       0.14419033524681329        1.6763962670151601E-002
 -0.20972252527223212       -4.6836139723618900E-002   9.4172472832329074E-002  -6.1408034585584258E-003  -4.2396556118957533E-002
  0.12318971796106686       0.13062440952403240        5.8841995165700774E-002 -0.14820254315491105       -8.4020640551544151E-002
  -3.2842624793722422E-002   8.8338184844491435E-002   1.7376624499760115E-002  -1.9756501611527432E-002 -0.18774017275121449     
   7.0846008926970974E-002   4.9142332918316906E-002  -7.6020573670066227E-003   4.2802402915165093E-002  -6.4982780478414007E-002
   4.6682326178692848E-002 -0.11360717473810795        1.5868956493623694E-002  0.11113661859129512        1.3944172008064623E-002
  -8.0739743483860690E-002   4.8459991315040911E-002  0.15849292538488013        3.7365732945328453E-002   3.7284245725386085E-002
   2.0555253438690919E-003  -9.6794717666501898E-002  -9.4258882704010297E-002  0.15858669527913533       -1.6608401568117546E-003
  0.20512226546823820        6.2042457207595041E-002  0.10040805455363143      -0.17269969443993480      -0.13451290810111480     
  -7.4369155381399682E-002   4.3186704537092044E-002   2.9278079305627102E-002  -8.2189854287299691E-002   2.6733323774036592E-003
 -0.23866215015567460      -0.12080159390213042      -0.20728272710654308       -7.0372044440037460E-002  0.15697689575131973     
  -7.4474597633518245E-003   2.8683646364231138E-002  -1.9469595141686287E-002 -0.15143823392681172       -2.3020967962796214E-002
  0.23458733481090110       0.15314684042966401       0.15326549992259950       0.14612806144422993        6.6704939553754339E-002
  -8.6024469958196556E-002   5.7725982778989986E-002   7.0659524893719766E-002  -4.4578276269230645E-002  -3.5071323814250259E-002
  0.15407995574234254       -7.6829255692868817E-002   4.0964468012197157E-002  -9.4843099919989779E-002  0.17315514291165809     
  0.15321027887073413       -7.0575928090000115E-002  0.11997496399100822       0.15859329800155811       -3.0581087870109862E-002
  0.17561148966536563       0.16439476522111435       -7.2327479412658546E-002  -5.6660618708022831E-002   3.0174131666056630E-002
   8.8192402305304670E-003  -5.1015689259158510E-002 -0.14277973936587920        9.7503518966385330E-002 -0.17492859893025645     
  0.16587862840697215       0.21830094458300889       -9.8370883959766203E-002 -0.13740012693106898      -0.13466095792904431     
  -6.8699244731434420E-002  0.16000403586399689       0.10250103945546230        6.2999517270584171E-002   9.2957228630673253E-002
  0.18350818716844286      -0.10649233890223120      -0.18143961084721716       -5.0107792882932316E-002  -1.2525691599450495E-002
 -0.15271694436637498       -7.1827605693448010E-002  0.11193246403808411       -8.0335819013636164E-002   8.4631540927556800E-002
  -2.7976915120125709E-002 -0.11429358458376512      -0.17576019077780955      -0.11724312225684666       0.14488995807380584     
  -6.5495109065556341E-003   5.8432432740596521E-002  -2.7425472526240939E-002   5.5023036833184949E-002  0.10573735004530947     
   5.9240803316547457E-002  -6.6147623512256601E-002   6.9572691435769329E-002  0.12395426094590388        1.3463600717954697E-002
   6.1625116608341093E-002  -5.0880422005900483E-002 -0.14536835839081194        4.8606430998319947E-002   5.3840071012212054E-002
 -0.14403137881692160        8.2402181606029939E-002   2.0882398416279046E-002 -0.14752216339283017       -9.9492559409784381E-003
   8.6023338048256967E-004 -0.13457254756105788       -4.3636304155647378E-002  -7.2955479406519455E-003   4.9367007565014553E-002
  0.21488074899372958        5.6703789308280628E-002  0.15824328340195007       -5.4982011860711007E-003  0.18634714658025925     
  0.11328799613161356       -8.2568496743009298E-002   1.5706114246133870E-002   2.1187265285562869E-002 -0.12350326404726820     
  -6.3867625435143644E-003 -0.10605170820351791      -0.13663830823744069       -7.3007983293734591E-002   7.7822444615178663E-002
 -0.11088045518290922      -0.17208113886491125       0.12339249626594059       -8.9912435552840821E-003  0.18205329551255284     
 -0.12372490521269294      -0.12971025451797233       -7.3507480600182140E-002  -8.7923458883644584E-002   8.8010839009217801E-002
  0.15639068821618898      -0.16218048834446169        9.6066894388272039E-002   5.4423936758350812E-002   2.8375872938933008E-002
  -1.8844580417818151E-002  0.10447530515733454      -0.17032494456663275       -3.7786082842891131E-002  0.16029510121802026     
   8.4066168740119393E-002  0.15472058546839834       0.14622813714665894        6.7798418857888468E-002  0.12699373204618941     
  -8.8270651596143945E-002   3.2873121189292656E-002   8.0005680605159404E-002  0.14598897861052057        5.5826904760811591E-002
   8.9231118764744405E-002  -6.3768345739901741E-002 -0.12143219749799547       -9.9506147240595533E-002   8.2190040090109662E-002
   3.6824889855579475E-002  -4.1095698930992630E-002 -0.18093586328080954       -4.5424662168741196E-003  -1.8965403833134341E-002
  -7.3576012441924313E-002 -0.15698584249772463      -0.15397919332165541       0.15593894040885881      -0.10076990877769855     
  -5.0308790765551746E-002  -2.7478858663123905E-002  -5.4527251033431381E-002 -0.12816817905882522        3.0109804937870797E-003
  0.10880698246033828      -0.12098620920731741       0.12587597387305194       0.11406058895875923      -0.13024042597056809     
   4.9770835904553126E-002  -9.0703855082419599E-002   9.1816947128274692E-002  -3.5993631294558202E-002  0.16085622418698733     
  -1.7808088020947656E-002  -5.3385274877998878E-002   4.9323066985459012E-002 -0.11160956059188606       0.11361828378741851     
  -1.4531967375181642E-002 -0.11428810142022346       -4.5095717544379632E-002 -0.11083321454614335        6.5264344144592784E-002
 -0.15406816195005621        8.7851725799678274E-002  -6.5532632907548211E-002   1.1350917027613623E-002   9.6715935521191648E-002
  0.14356161529391470       0.17462142657089155       0.15508255217296193       -4.8120536379598400E-002  0.18005435404422268     
  0.14547736187524204       -3.6013697578458487E-002   2.4991626880572541E-002   3.0366184459341593E-002 -0.10925196162143681     
  0.18621498000310979       0.11874097317439970      -0.12232557789178029      -0.11696961727392914      -0.11632745395402530     
  0.14736474774273048       -8.9099686539617889E-002 -0.14708818919085490       0.13445010670033528       -8.7704657914832396E-002
   3.4399056371356498E-002   1.3961854019450054E-002   9.8925685946836345E-002   1.2351988228400862E-002  -6.2942338728981653E-002
  -1.0319023434507586E-002 -0.11871043984570967        9.8916475834507023E-002  0.16708262922595282      -0.15653660912510831     
  -4.5610581599828677E-002  -9.3088018914183848E-002  -7.8613909369556007E-002  0.10160281170075647       -9.7212073021398851E-003
 -0.14361539457863085       0.14742150688412253       0.11693070234171730        3.4187717439940625E-002   1.5829597706603677E-003
   4.3029553203903975E-002  -4.3885343584740777E-002 -0.10030910912617470        5.6004339849191835E-002  0.11640182325392798     
  0.11330103812583027       -9.8258179211636029E-002 -0.14912093925071493       0.13501743771015343       -3.6836993317721847E-002
   6.7404330077127581E-002 -0.17489556344562604       -7.8952345145072433E-003   5.2303752019494748E-002  -2.1163782991689969E-002
   6.9816546238456276E-002 -0.13955248415731114        3.6784807758128896E-002   5.2929641490939879E-002  0.16136801622226077     
  -7.1176748247201466E-002  0.16284119258383375       0.13734904849034277        4.8411685367351683E-003  -7.9993926019936240E-002
 -0.12333706548578625       -5.2006052678057094E-002   4.6773881780909674E-002  0.10817284639594843       -2.9391922464924242E-002
  -1.0873449261128347E-002  0.10871374160082281        5.3465721700552016E-003 -0.11481368187628133        7.0209730161192821E-002
   8.7793422011161901E-002   1.9194859354827580E-003   3.2846843169757639E-002 -0.15609099948298633        3.1896798739646584E-002
  0.17548636918890387        7.5797290618834959E-002 -0.12206629237579934      -0.10682619161936108      -0.10843979829105442     
  -7.4595213302326602E-002 -0.12398911025369276        4.0956697340769253E-002 -0.11885471113348381       -6.3668017315935237E-003
 -0.11488626233311433       -8.7106454887872123E-002   1.9304428359115611E-002  -8.7825451341236496E-002   2.4027040635754993E-002
 -0.16459125459351745       -7.8036769931172270E-002  -7.4701505476413074E-003  0.10141620255874821       0.12413400569039257     
 -0.14134519441409774      -0.13338935015722755        6.1759498671613400E-002  0.14309510224749714        4.9636369641240224E-003
 -0.12761786877602091       0.14462267503188581      -0.11247532384587895      -0.12675308939260813      -0.16804508758781891     
  -2.3739136176480227E-002  -5.4749392139564840E-002   2.0011327155233065E-002 -0.11032339462797108       0.10740197857237886     
  -4.4929520295649651E-002  -9.8163948751143152E-003 -0.16877004582961522       -2.8215407403975813E-002 -0.16058978303501334     
  -6.2990901384110121E-002   4.5299355320784461E-002 -0.20631050199608783        3.9242260752441173E-002   2.6679112802075914E-002
   5.9913349485644946E-002  -7.5951825425273498E-002   8.0634495800971135E-005   2.0486695055414297E-002  0.10632861505843569     
   7.1868061730911578E-002  -6.3105896807033351E-002  -6.9589307174804452E-004  0.13171382087451339        5.7189309142692234E-002
  -1.4185631572054273E-002  0.18730438842596966       0.19548315338393066       -2.5085311855300170E-002 -0.10825411843082371     
  0.15009692005793374      -0.15058720822997274       -3.7805341992871437E-002  0.16338341270868667       -8.8065793230758430E-002
  -4.2148261716419284E-002 -0.15644515140062606        3.3174899655246573E-002 -0.12898345085300750       -1.9505289710821182E-002
  -2.2900682676084130E-003   3.9316009335495283E-002   2.4605320668826466E-002   6.1611064724030867E-003 -0.13935460954988374     
  0.19745586055073963        8.3559841346195762E-002  -5.4941037629979483E-002  -9.1959574220900078E-002  -3.3147921675412882E-002
  0.10927908546743194       -1.8431015451321796E-003  0.15842321689049363       -7.3641099921947478E-002 -0.14496755918630574     
  0.16374507839351604        3.2826743967001852E-002   7.2163668803323824E-002   2.5050540156944471E-003 -0.16296769267112302     
  -3.6206227328790877E-002  0.12514319243787941        9.0625863924493136E-005  0.15276265120040963        8.3203820733470879E-002
   5.1067738191851078E-002 -0.11525493914287759       0.14107358604682363        9.3824209677504156E-002   7.1558304429576738E-002
 -0.16732498431185505        9.5502310173575078E-002   6.0471595940369459E-002  -5.5504684303712845E-002 -0.11543019215890972     
  -7.3942581269602167E-002   8.0442339827402509E-002   8.6490906939049777E-004  -6.9723925318428581E-002   1.8635035029208713E-002
  0.16716192075812639        9.2258241585443365E-002   1.2387895369509131E-002  -8.1079248205678217E-002  0.12776417874921259     
   3.7043633019121378E-002  0.17102661351157220       -4.9602333638943369E-002  0.11203778146564493      -0.16712893937933573     
  0.14643486328442096        5.1457419460482656E-002  0.13739818070823873       0.15918027390283837       -7.1522330202185541E-002
  -7.2533632923547642E-002   8.3113365917931045E-002   7.9088490662361177E-002   9.8312799856047614E-002  0.10310330257382287     
 -0.11181408393435205       -3.7300724035986270E-002  0.15791245741477619       0.12880377047116928        1.0801918587340115E-002
  -6.3832305751329794E-004   8.9373352925445695E-002  -6.0933982323109738E-002  -6.6627003182558084E-002 -0.10840565456848721     
   4.7728334650102539E-002  -3.2627230414461637E-003   7.1731508942417879E-002   1.4822067558443751E-002  0.13119958095709644     
  -6.8842595024203021E-002 -0.10758802641303211      -0.11031958693640895       -4.1076408315950906E-002  -2.1107300151586517E-002
  -5.0656400929321048E-002 -0.14028468046757539      -0.22691221781831505        5.4108873809418107E-003   9.8231806380804115E-002
 -0.15014393630117326       -5.1201119157819115E-002  -8.3531256327683906E-002   8.4008882812235897E-002 -0.11070894292314598     
  -5.4730470482154472E-002   2.1782159733266009E-002  0.11075601951245116        4.4341029315102358E-002   8.4019987338679394E-002
  0.15548359932549519      -0.15194301794866127       0.16513657714101351      -0.15127848744774813       0.12911843744480564     
   6.0824468304725675E-002  -4.4389948076920913E-002   3.9723787779632633E-002  -1.2747018315682273E-002   2.6919865536477371E-002
  -9.4305149477836067E-002 -0.12452811980000469       -8.0964353628254424E-002  -3.4510278068390590E-002  -4.8223904124700234E-002
  -4.7662067351326217E-003  -1.3230004892433634E-002  -1.2468323109668482E-003   1.9735832004771969E-002  -3.2514005619564357E-002  -6.6583858179113595E-003  -3.4003833587302086E-002  -7.7949583161315908E-003  -8.5884596056339108E-003   2.0811339456385476E-002  -1.8433269984832551E-002  -1.2838359838446478E-002  -1.4669447834928797E-002  -2.4433665615088085E-002  -1.4181091287090698E-002  -4.0317985758651633E-003
