16 8 5 5
-1.216220576316118240e-02 -2.732150070369243622e-02 2.387077361345291138e-02 -4.883909225463867188e-02 3.727488964796066284e-02
1.109402067959308624e-02 1.052369996905326843e-01 1.999570801854133606e-02 -9.251626580953598022e-02 -1.842972636222839355e-02
7.361847907304763794e-02 3.687798976898193359e-02 2.551749907433986664e-02 3.315933048725128174e-02 -7.140342891216278076e-02
-3.603534772992134094e-02 -1.090405322611331940e-02 8.307565003633499146e-02 -1.625401340425014496e-02 -1.499171741306781769e-02
-7.106468081474304199e-02 2.862790413200855255e-02 -5.334988608956336975e-02 -6.650929339230060577e-03 5.074919387698173523e-02
-1.533201336860656738e-02 -6.218816339969635010e-02 -1.302581280469894409e-02 3.388373926281929016e-02 5.842839553952217102e-02
4.534459486603736877e-02 -4.746569320559501648e-02 7.025959342718124390e-02 -2.186025306582450867e-02 -1.648916676640510559e-02
-8.894533850252628326e-03 -6.365896202623844147e-03 7.418300956487655640e-02 7.153506577014923096e-02 -4.300363361835479736e-02
6.616455316543579102e-02 -6.554334610700607300e-02 3.651123866438865662e-02 -4.437748715281486511e-02 -9.176503866910934448e-03
-3.697492554783821106e-02 2.801649644970893860e-02 5.818301811814308167e-02 -7.621739059686660767e-02 5.822740495204925537e-02
6.747951358556747437e-02 4.726274311542510986e-02 -4.664751701056957245e-03 -3.532771393656730652e-02 -1.633985550142824650e-03
-4.312893748283386230e-02 5.420662462711334229e-02 3.359189629554748535e-02 3.610648214817047119e-03 -2.717861160635948181e-02
2.364224568009376526e-02 5.186505988240242004e-02 7.435391098260879517e-02 2.863167785108089447e-02 -1.978191919624805450e-02
-3.460219129920005798e-02 -5.818141996860504150e-02 1.487691700458526611e-02 7.379384245723485947e-03 -3.202216327190399170e-02
-2.363759838044643402e-02 -2.875834703445434570e-02 5.941084772348403931e-02 -4.890553653240203857e-02 -4.247731063514947891e-03
7.342795282602310181e-02 8.626452647149562836e-03 1.397659163922071457e-02 5.991458147764205933e-02 6.642916705459356308e-03
3.512588143348693848e-02 5.246129631996154785e-02 5.201612040400505066e-02 -6.432781368494033813e-02 4.988569021224975586e-02
-4.562860354781150818e-02 -4.685150086879730225e-02 -3.160207718610763550e-02 -7.148403674364089966e-02 -4.763598367571830750e-02
-7.503513991832733154e-02 -5.468318238854408264e-02 -2.042646892368793488e-02 -5.077460780739784241e-02 -1.960223168134689331e-02
1.865917071700096130e-02 4.188188165426254272e-02 3.710101917386054993e-02 -5.286347866058349609e-02 -5.408291518688201904e-02
2.879008650779724121e-02 2.068995311856269836e-02 5.076982080936431885e-02 1.460016798228025436e-02 -3.453516215085983276e-02
-3.721869364380836487e-02 -8.365245908498764038e-02 -6.508785765618085861e-03 5.637173354625701904e-02 -4.837354645133018494e-02
-3.823694586753845215e-02 -2.536186762154102325e-02 2.414891310036182404e-02 8.818578720092773438e-02 -1.925097592175006866e-02
7.739226520061492920e-02 4.608980938792228699e-02 -4.249277710914611816e-02 7.152370363473892212e-02 -2.401464246213436127e-02
3.413886576890945435e-02 -4.629902541637420654e-03 -2.142036519944667816e-02 -7.221349328756332397e-02 3.747759759426116943e-02
5.617167428135871887e-02 4.690766334533691406e-02 4.922070726752281189e-02 -8.946216851472854614e-02 -1.129789557307958603e-02
7.406376302242279053e-02 -2.539118938148021698e-02 -9.113860875368118286e-02 7.335209753364324570e-03 1.289657666347920895e-03
8.768623322248458862e-02 6.465186923742294312e-02 1.000580284744501114e-02 -4.499313607811927795e-02 -6.458110362291336060e-02
-3.313537314534187317e-02 9.284279495477676392e-02 1.575676910579204559e-02 -1.647613383829593658e-02 -5.108167976140975952e-02
-1.298513635993003845e-02 -9.795677848160266876e-03 5.474998056888580322e-02 1.870673522353172302e-02 4.920637607574462891e-02
2.482456341385841370e-02 5.529956892132759094e-02 -1.348826102912425995e-02 1.326956227421760559e-02 4.352954030036926270e-02
-5.048858746886253357e-02 1.179515849798917770e-02 -3.017438109964132309e-03 -2.508650140953250229e-05 -1.068343874067068100e-02
3.683319687843322754e-02 4.652097355574369431e-03 -7.451699674129486084e-02 8.814159035682678223e-02 6.588976085186004639e-02
6.803428381681442261e-02 1.241049496456980705e-03 3.500895202159881592e-02 7.464783638715744019e-02 -3.930141031742095947e-02
1.485852990299463272e-02 -5.660726130008697510e-02 -1.044143643230199814e-02 -3.057928569614887238e-02 -6.490061432123184204e-02
-5.652361083775758743e-03 -6.518846750259399414e-02 -7.223799079656600952e-02 9.996505081653594971e-02 3.212731331586837769e-02
1.484647393226623535e-01 -1.210147812962532043e-01 -1.426349133253097534e-01 -6.210916861891746521e-02 2.188801579177379608e-02
1.358495950698852539e-01 1.089655086398124695e-01 -6.637410819530487061e-02 -3.347536548972129822e-02 3.989166766405105591e-02
3.895926475524902344e-02 7.860621809959411621e-02 3.206565603613853455e-02 -4.519897326827049255e-02 3.557096421718597412e-02
-9.689376503229141235e-02 4.235623031854629517e-02 9.476973116397857666e-02 1.066265394911170006e-03 -7.859919220209121704e-02
-2.885585278272628784e-02 -1.114544179290533066e-02 8.350307121872901917e-03 4.524254053831100464e-02 -3.848933801054954529e-02
3.703125193715095520e-02 9.705934673547744751e-03 3.255418315529823303e-02 -1.067284271121025085e-01 -6.899888813495635986e-02
-1.915166899561882019e-02 9.456468373537063599e-02 5.758643895387649536e-02 -4.950017109513282776e-02 -2.205668762326240540e-02
-1.107491087168455124e-02 1.105512976646423340e-01 7.006992399692535400e-02 1.475172787904739380e-01 7.632976025342941284e-02
-2.863094769418239594e-02 1.124117150902748108e-02 1.026278641074895859e-02 9.363435208797454834e-02 1.362456660717725754e-02
2.305284328758716583e-02 4.595272243022918701e-02 1.639462076127529144e-02 -4.289998672902584076e-03 5.298563838005065918e-02
-4.424311220645904541e-03 -2.040850743651390076e-02 1.266579516232013702e-02 -4.731861501932144165e-02 -5.937900394201278687e-02
-1.411733333952724934e-03 -5.099491029977798462e-02 -6.982656568288803101e-02 3.200944513082504272e-02 -5.030089989304542542e-02
3.052981011569499969e-02 -2.590794116258621216e-02 -9.939529746770858765e-02 3.385535627603530884e-02 -4.673437029123306274e-02
4.526091367006301880e-02 3.353170678019523621e-02 9.996446780860424042e-03 -7.670047134160995483e-02 3.798259422183036804e-02
8.111733943223953247e-02 9.434335678815841675e-02 9.480009973049163818e-02 6.878556311130523682e-02 7.247930020093917847e-02
-2.529134787619113922e-02 -4.442274942994117737e-02 7.909415662288665771e-02 3.811275213956832886e-02 -2.293288707733154297e-03
-2.111919969320297241e-02 2.165148034691810608e-02 1.415069960057735443e-02 5.386550910770893097e-03 -5.119106173515319824e-02
-4.049684479832649231e-02 2.913431823253631592e-02 -5.553181841969490051e-02 -6.539704650640487671e-02 5.786351859569549561e-02
-3.298064693808555603e-02 -4.448585957288742065e-02 -2.875170484185218811e-02 4.344909638166427612e-02 3.948945552110671997e-02
-3.561780229210853577e-02 -1.979179866611957550e-02 5.316892638802528381e-02 3.054247237741947174e-02 1.188590191304683685e-02
3.309400007128715515e-02 2.969001419842243195e-02 -6.503945682197809219e-03 1.016980335116386414e-01 1.001315377652645111e-02
1.158426851034164429e-01 8.487822115421295166e-02 2.034875936806201935e-02 6.913934648036956787e-02 -7.813741266727447510e-02
6.906545907258987427e-02 7.767367362976074219e-02 1.570058800280094147e-02 5.744461342692375183e-02 -4.817441105842590332e-02
-8.755383081734180450e-03 -3.026121295988559723e-02 -6.993959099054336548e-02 -4.863966628909111023e-02 -3.658841922879219055e-02
-1.982975006103515625e-02 1.067837849259376526e-01 1.514995247125625610e-01 1.737042516469955444e-02 1.019973382353782654e-01
3.572266921401023865e-02 8.579465746879577637e-02 4.400717094540596008e-02 1.059074401855468750e-01 4.532683640718460083e-02
6.230799481272697449e-03 1.541693811304867268e-03 -7.812510430812835693e-02 -3.275405243039131165e-02 6.461852788925170898e-02
8.142784982919692993e-02 -6.372101604938507080e-02 -1.178987789899110794e-02 -2.302032336592674255e-02 -8.044106513261795044e-02
6.674735993146896362e-02 3.943039476871490479e-02 -2.653647586703300476e-02 -9.010589122772216797e-02 -7.479132711887359619e-02
4.453314095735549927e-02 -7.138836383819580078e-02 -1.183793321251869202e-01 -7.595021277666091919e-02 -7.590238936245441437e-03
5.134172737598419189e-03 -1.060566678643226624e-01 -1.625986956059932709e-02 -2.883797697722911835e-02 1.713037490844726562e-02
-6.833899766206741333e-02 -2.221087925136089325e-02 -1.119060092605650425e-03 3.249081224203109741e-02 3.452870249748229980e-02
8.328795433044433594e-02 1.268518567085266113e-01 1.657227277755737305e-01 1.494695544242858887e-01 7.102849334478378296e-02
-4.429289326071739197e-02 3.987657651305198669e-02 8.177762478590011597e-02 -6.291669327765703201e-03 4.131926596164703369e-02
1.314295083284378052e-02 6.530466675758361816e-02 9.106706082820892334e-02 1.058950051665306091e-01 2.475751563906669617e-02
1.542017707834020257e-04 3.905797749757766724e-02 1.921065710484981537e-02 -2.166603878140449524e-02 4.687121137976646423e-02
-2.589462883770465851e-02 -7.964228093624114990e-02 3.342093154788017273e-02 -2.398851513862609863e-02 7.626497000455856323e-02
-1.813410967588424683e-02 -6.980398297309875488e-02 -4.299201443791389465e-02 1.336172316223382950e-02 -1.242951210588216782e-02
2.344770543277263641e-02 8.906292915344238281e-02 -4.331158474087715149e-02 4.686200246214866638e-02 1.788025721907615662e-02
-7.810479402542114258e-02 -1.943598091602325439e-01 -7.458316534757614136e-02 8.030847646296024323e-03 -1.412414200603961945e-02
-8.417847752571105957e-02 -3.925884887576103210e-02 -2.497526071965694427e-02 -6.907464563846588135e-02 4.315695911645889282e-02
1.327430605888366699e-01 1.318400502204895020e-01 4.377426952123641968e-02 3.027278929948806763e-02 -6.830801814794540405e-02
1.302713453769683838e-01 2.559405267238616943e-01 2.098546922206878662e-01 9.786233305931091309e-03 -1.221168041229248047e-01
-3.625390678644180298e-02 8.834777772426605225e-02 6.453441828489303589e-02 1.279975026845932007e-01 8.327644318342208862e-03
-8.824398391880095005e-04 1.631501875817775726e-02 6.990383565425872803e-02 -1.614526100456714630e-02 -5.396850034594535828e-02
-5.521999672055244446e-02 8.284576237201690674e-02 8.744548261165618896e-02 -7.414902746677398682e-02 -4.656122624874114990e-02
-3.261472657322883606e-02 5.587287992238998413e-02 -4.940157523378729820e-04 -2.477829903364181519e-02 2.289943164214491844e-03
6.754808872938156128e-02 5.765703320503234863e-02 -2.067987620830535889e-02 -1.661852002143859863e-02 -2.584998495876789093e-02
-4.010857641696929932e-02 -3.935293108224868774e-02 1.535957213491201401e-03 6.984423846006393433e-03 4.170991107821464539e-02
-5.537918582558631897e-02 -2.350370027124881744e-02 4.015782848000526428e-02 5.566842481493949890e-02 5.419974029064178467e-02
9.163070470094680786e-03 -7.743465900421142578e-02 -6.080974638462066650e-02 3.650659695267677307e-02 -2.101044543087482452e-02
5.359889939427375793e-02 3.219005838036537170e-02 -5.741461738944053650e-02 -9.201237000524997711e-03 3.618151322007179260e-02
-6.211424618959426880e-02 -6.991779059171676636e-02 1.768092624843120575e-02 1.843525283038616180e-02 9.370030835270881653e-03
-5.302154272794723511e-02 1.700602658092975616e-02 4.370035231113433838e-02 -3.442902863025665283e-02 5.514334142208099365e-02
-5.631117895245552063e-02 -2.165979146957397461e-02 -3.330783173441886902e-02 -5.627356842160224915e-02 1.103343628346920013e-02
5.362619087100028992e-02 -5.956730619072914124e-02 3.201942145824432373e-02 -4.368544369935989380e-02 4.409158602356910706e-02
3.538513556122779846e-02 2.822725661098957062e-02 5.251431837677955627e-02 -2.995529212057590485e-02 1.996222324669361115e-02
-6.128349527716636658e-02 -6.447600573301315308e-02 -6.377099454402923584e-02 -3.069723770022392273e-02 -8.553022518754005432e-03
-6.460274010896682739e-02 -2.623705938458442688e-02 -3.695545718073844910e-02 -6.392223760485649109e-03 5.911025032401084900e-02
2.207797951996326447e-02 -2.179666608572006226e-02 -7.429818063974380493e-02 -9.338684380054473877e-02 -4.163569584488868713e-02
6.137943267822265625e-02 -5.290977284312248230e-02 -7.590620219707489014e-02 -5.802751332521438599e-02 9.142060577869415283e-02
6.453181803226470947e-02 -3.174303099513053894e-02 -8.751378208398818970e-02 -1.658962853252887726e-02 8.584638684988021851e-02
1.799394004046916962e-02 -5.781829729676246643e-02 -6.675414741039276123e-02 5.802560225129127502e-02 -5.414894223213195801e-02
-3.169453144073486328e-02 4.689709097146987915e-02 2.789647318422794342e-02 3.231536969542503357e-02 -9.806026704609394073e-03
5.012502893805503845e-02 -6.112796440720558167e-02 -5.601083114743232727e-02 6.331002712249755859e-02 5.592875555157661438e-02
-3.096401318907737732e-02 -9.095839411020278931e-02 -8.190590143203735352e-02 -2.392122521996498108e-02 4.113665223121643066e-02
-1.163786090910434723e-02 -1.037690415978431702e-01 -2.232794882729649544e-03 4.500956833362579346e-02 4.459453001618385315e-02
-4.519096016883850098e-02 -8.219549804925918579e-02 -6.025010719895362854e-02 2.964704297482967377e-02 -4.450852982699871063e-03
-6.496900320053100586e-02 3.344429656863212585e-02 -5.072675179690122604e-03 1.841867901384830475e-02 2.394237555563449860e-02
-4.940313845872879028e-02 -9.747891686856746674e-03 6.237304187379777431e-04 -5.572516098618507385e-02 -3.602068126201629639e-02
2.579559199512004852e-02 6.541811395436525345e-03 9.896766394376754761e-02 2.462082542479038239e-03 -9.790258109569549561e-02
5.831705871969461441e-03 1.211185827851295471e-01 5.847350507974624634e-02 -8.970135450363159180e-02 2.190845273435115814e-02
7.375586777925491333e-02 7.921569049358367920e-02 1.270859129726886749e-02 3.565038740634918213e-02 -6.823329720646142960e-03
2.248410135507583618e-02 8.235312998294830322e-03 7.058051228523254395e-02 6.544287316501140594e-04 4.950948432087898254e-02
-9.658285416662693024e-03 4.683810099959373474e-02 4.144556820392608643e-02 7.853689044713973999e-02 1.504907663911581039e-02
-2.663227729499340057e-02 -9.445993602275848389e-02 2.798377908766269684e-02 -4.370859265327453613e-02 5.316936597228050232e-02
-4.405367001891136169e-02 2.123447135090827942e-02 -5.000942572951316833e-02 -4.371573030948638916e-02 -3.476246446371078491e-02
1.980454288423061371e-02 -2.230922318994998932e-02 4.903567582368850708e-02 3.616085276007652283e-02 -4.968997836112976074e-02
-4.086022078990936279e-02 -3.992859274148941040e-02 6.246204301714897156e-02 -3.944974765181541443e-02 -5.817764252424240112e-02
-4.187938570976257324e-02 6.746245175600051880e-02 -7.121215015649795532e-02 -1.258404403924942017e-01 -4.441174864768981934e-02
1.316077411174774170e-01 3.906970098614692688e-02 -1.493906788527965546e-02 -1.055826917290687561e-01 3.948163613677024841e-02
9.513138234615325928e-02 1.050935238599777222e-01 6.181108765304088593e-03 -3.432796150445938110e-02 5.813323706388473511e-02
3.664388507604598999e-02 2.045857533812522888e-02 5.817626789212226868e-02 7.803753018379211426e-03 -1.324093434959650040e-02
2.664862200617790222e-02 3.458121046423912048e-02 3.876511938869953156e-03 7.804303616285324097e-02 7.064522057771682739e-02
-8.367785811424255371e-02 -7.865307480096817017e-02 -2.689522504806518555e-02 -9.209223091602325439e-03 -7.140047382563352585e-03
-2.223523333668708801e-02 -6.232643872499465942e-02 2.012858353555202484e-02 -2.157030254602432251e-02 -6.592655181884765625e-02
-7.115320861339569092e-02 -5.898846313357353210e-02 4.239128902554512024e-02 -6.011913716793060303e-02 -3.056943044066429138e-02
-7.805414497852325439e-02 -4.571967571973800659e-02 6.453908234834671021e-02 -1.484124455600976944e-03 2.347864210605621338e-02
-1.286688446998596191e-02 4.158972203731536865e-02 -4.487857595086097717e-02 -2.597928047180175781e-02 4.704291373491287231e-02
-4.453568719327449799e-03 -1.388399768620729446e-02 3.321607038378715515e-02 -6.574542820453643799e-02 9.220777079463005066e-03
5.161622539162635803e-03 4.373430274426937103e-03 -6.792283058166503906e-02 4.478342831134796143e-02 -7.836897857487201691e-03
7.039237022399902344e-02 4.612045735120773315e-02 -5.625884979963302612e-02 3.426698967814445496e-02 2.886478789150714874e-02
6.400323659181594849e-02 2.948706969618797302e-02 6.454864889383316040e-02 -1.623034663498401642e-02 -4.611670970916748047e-02
3.860911121591925621e-03 -4.942626506090164185e-02 5.357174202799797058e-02 4.535562917590141296e-02 -3.083772212266921997e-02
5.721136182546615601e-02 -4.182254150509834290e-02 1.680731214582920074e-02 -1.772842719219624996e-03 -5.158584099262952805e-03
-3.206347348168492317e-03 -3.894703835248947144e-02 -8.997198194265365601e-02 3.262694925069808960e-02 -5.410378053784370422e-02
8.221339434385299683e-02 -6.977501511573791504e-02 -4.720536991953849792e-02 2.166315540671348572e-02 5.599713698029518127e-02
4.552507400512695312e-02 -1.896750298328697681e-03 4.941711202263832092e-03 2.585740573704242706e-02 -3.764156997203826904e-02
-6.566174328327178955e-02 -2.493131719529628754e-02 5.740992352366447449e-02 2.552471868693828583e-02 -6.697552651166915894e-02
-6.547801941633224487e-02 1.039164662361145020e-01 1.281604617834091187e-01 5.197865143418312073e-02 -1.332687214016914368e-02
7.112827897071838379e-02 4.472511634230613708e-02 4.989570006728172302e-02 -8.531962335109710693e-02 -7.107248902320861816e-02
5.615627765655517578e-02 -2.632926404476165771e-02 -7.501513510942459106e-02 -7.418366521596908569e-02 5.384502187371253967e-02
8.914935588836669922e-02 -4.567944258451461792e-02 -2.901073172688484192e-02 -5.777985602617263794e-02 5.520576238632202148e-02
-2.269618213176727295e-02 -4.913216456770896912e-02 -9.417237713932991028e-03 -7.197154685854911804e-03 -3.363783285021781921e-02
5.265153571963310242e-02 7.961917668581008911e-02 -3.310879692435264587e-02 -4.282106831669807434e-02 -7.528976351022720337e-02
-4.338614176958799362e-03 -2.629533037543296814e-02 -8.600090444087982178e-02 -1.343429740518331528e-02 -4.709711298346519470e-02
-2.180661633610725403e-02 5.624284595251083374e-02 -5.526360124349594116e-02 -5.773251503705978394e-02 5.502433981746435165e-03
2.136328071355819702e-02 -5.852595344185829163e-02 -4.816843196749687195e-02 -2.401736564934253693e-02 -3.108168207108974457e-02
8.833963423967361450e-02 5.669903755187988281e-02 -5.820232629776000977e-02 -5.033855885267257690e-02 -6.923780776560306549e-03
-4.390045627951622009e-02 -1.265400350093841553e-01 -7.345995400100946426e-03 9.963073581457138062e-02 4.293448105454444885e-02
-1.399410814046859741e-01 -4.881617054343223572e-02 2.473577857017517090e-02 1.130278632044792175e-01 -5.054044723510742188e-02
-1.075344756245613098e-01 -7.859823852777481079e-02 1.398884952068328857e-01 2.457208558917045593e-02 -7.656399160623550415e-02
-9.240850061178207397e-02 8.146480657160282135e-03 1.159353181719779968e-01 -2.081968449056148529e-02 -5.116907134652137756e-02
-4.104918614029884338e-02 3.444136120378971100e-03 -3.113875165581703186e-02 -1.343860756605863571e-02 4.885000362992286682e-02
-8.001218666322529316e-04 6.133811548352241516e-02 -5.673783645033836365e-02 -3.887525573372840881e-02 -6.546688079833984375e-02
-8.016965351998806000e-03 4.565273970365524292e-02 1.234773779287934303e-03 -4.174929112195968628e-02 -2.026340924203395844e-02
-5.549701675772666931e-02 2.650576457381248474e-02 -4.688149690628051758e-02 5.756708607077598572e-02 -8.908585645258426666e-03
-4.225106164813041687e-02 4.701739177107810974e-02 -3.987330477684736252e-03 3.353306651115417480e-02 -4.448406770825386047e-02
-6.526605039834976196e-02 8.567894808948040009e-03 5.287108570337295532e-02 -4.645796492695808411e-02 -2.793800458312034607e-02
-2.216583192348480225e-01 -2.920911274850368500e-02 2.001335024833679199e-01 3.314838185906410217e-02 -3.865807503461837769e-02
-2.484850436449050903e-01 1.732888668775558472e-01 1.616127192974090576e-01 3.699740022420883179e-02 -9.291984140872955322e-02
-1.113346889615058899e-01 1.953223943710327148e-01 6.387691199779510498e-02 -2.484686113893985748e-02 3.259705007076263428e-02
-5.510166287422180176e-03 3.575205057859420776e-02 -1.698630861937999725e-02 1.534423138946294785e-02 1.436770893633365631e-02
2.503363601863384247e-02 -1.057866727933287621e-03 4.109819233417510986e-02 7.142864167690277100e-02 6.186859682202339172e-02
-1.372721628285944462e-03 -5.556534975767135620e-02 -2.641496621072292328e-02 5.867220833897590637e-02 -4.201576113700866699e-02
4.941340535879135132e-02 -2.749161049723625183e-02 -6.157601997256278992e-02 -4.572299495339393616e-02 3.858487308025360107e-02
7.580953091382980347e-02 -3.719823062419891357e-02 -2.201051823794841766e-02 -4.041257128119468689e-02 -7.809246331453323364e-02
8.284012228250503540e-02 -5.252163391560316086e-03 -6.018383800983428955e-02 -1.015627011656761169e-02 -5.204777419567108154e-02
2.851230092346668243e-02 -5.314622074365615845e-02 -4.814863577485084534e-02 -6.938030011951923370e-03 -1.144887041300535202e-02
5.165751557797193527e-03 -4.851114377379417419e-02 -6.247721239924430847e-02 1.410236116498708725e-02 -3.800646960735321045e-02
2.247934788465499878e-02 -4.575905203819274902e-02 5.876274034380912781e-02 1.440069824457168579e-02 3.283526375889778137e-02
5.948451533913612366e-02 -9.327867999672889709e-03 2.223896048963069916e-02 2.393638947978615761e-03 -3.862864524126052856e-02
2.895006351172924042e-02 5.096778273582458496e-02 -1.319340709596872330e-02 -2.636621333658695221e-02 -1.282804878428578377e-03
1.283852197229862213e-02 2.516725659370422363e-02 -7.145761977881193161e-03 2.696860022842884064e-02 -3.713762760162353516e-02
-2.078521251678466797e-02 -4.722974728792905807e-03 -4.059585556387901306e-02 4.347694665193557739e-02 5.227402970194816589e-02
3.541057929396629333e-02 -6.237086839973926544e-03 9.089604020118713379e-03 2.073551155626773834e-02 2.815384790301322937e-02
-5.047580227255821228e-02 -4.380824975669384003e-03 3.434605151414871216e-02 -3.449363633990287781e-02 -3.814281150698661804e-02
1.805135421454906464e-02 2.954031899571418762e-02 -4.247522354125976562e-02 -5.139701068401336670e-02 4.507821053266525269e-02
-7.171646505594253540e-02 -4.564417898654937744e-02 -1.318969205021858215e-02 -5.337308347225189209e-02 5.719688162207603455e-02
-5.055358633399009705e-03 4.010041430592536926e-02 -2.039964869618415833e-02 3.111669048666954041e-02 -3.668350353837013245e-02
-3.906430304050445557e-02 -7.109603285789489746e-02 1.488491240888834000e-02 6.303506344556808472e-02 -3.178826346993446350e-02
6.123364344239234924e-02 5.760915949940681458e-02 -3.751243231818079948e-03 3.398498985916376114e-03 7.135281711816787720e-02
-2.308686450123786926e-02 4.012755677103996277e-02 5.267083644866943359e-02 4.280141741037368774e-02 8.565426617860794067e-02
2.459214767441153526e-03 -5.915622785687446594e-02 5.299019068479537964e-02 6.876453012228012085e-02 -3.548944368958473206e-02
-6.164985708892345428e-03 -1.464699860662221909e-02 5.132401734590530396e-02 3.524309024214744568e-02 8.060665428638458252e-02
-4.751229658722877502e-02 -6.459134072065353394e-02 -1.400450337678194046e-02 1.910680346190929413e-02 7.938130199909210205e-02
-1.433595176786184311e-02 -5.117021501064300537e-02 4.062144085764884949e-03 1.891511678695678711e-02 -3.548795939423143864e-04
-3.938337042927742004e-02 1.306404080241918564e-02 -2.148573659360408783e-02 -2.100856415927410126e-02 -5.090124532580375671e-02
4.040444642305374146e-02 -4.212566092610359192e-02 -1.823227293789386749e-02 -8.287189528346061707e-03 6.559183448553085327e-02
4.238174855709075928e-02 -1.833448745310306549e-02 -7.432509958744049072e-02 -1.198356784880161285e-02 -5.439107865095138550e-02
-4.139807820320129395e-02 -8.399213105440139771e-02 2.133790403604507446e-02 6.181663647294044495e-02 -9.386027231812477112e-03
2.246553637087345123e-02 2.225632593035697937e-02 9.897877275943756104e-02 -8.239397779107093811e-03 -6.903679668903350830e-02
2.662371611222624779e-03 1.117927581071853638e-01 -2.300200425088405609e-02 1.706918329000473022e-02 7.853073999285697937e-03
-2.515283785760402679e-02 1.199041586369276047e-02 -9.012953937053680420e-02 4.609332827385514975e-04 3.914580121636390686e-02
9.181305766105651855e-03 9.002043865621089935e-03 4.175281524658203125e-02 6.072847917675971985e-02 7.674203068017959595e-02
6.638399511575698853e-02 1.056291512213647366e-03 -5.466100946068763733e-02 -8.812534622848033905e-03 -2.739895880222320557e-02
6.289136409759521484e-02 -3.084501251578330994e-02 5.250256508588790894e-02 -1.746240258216857910e-02 -4.263770580291748047e-02
3.302085027098655701e-02 -3.057883121073246002e-02 2.477151900529861450e-02 -3.272497281432151794e-02 1.309270411729812622e-02
-2.904580533504486084e-02 -2.865688502788543701e-02 -2.102029742673039436e-03 -3.469984978437423706e-02 -1.513386052101850510e-02
8.197322487831115723e-02 5.002248659729957581e-02 -7.166433334350585938e-02 -8.311636000871658325e-02 -1.778065413236618042e-02
-9.070990234613418579e-02 -8.286468684673309326e-02 7.361445575952529907e-02 1.977959647774696350e-02 4.869905859231948853e-02
3.379220888018608093e-02 1.412959843873977661e-01 4.953126981854438782e-02 -8.032532036304473877e-02 -2.779864147305488586e-02
8.904279023408889771e-02 9.514179080724716187e-02 -1.088153123855590820e-01 2.926619350910186768e-02 1.229097545146942139e-01
6.502034515142440796e-02 -1.425559632480144501e-02 -1.142052486538887024e-01 -3.882474079728126526e-02 6.963182985782623291e-02
-1.622146368026733398e-02 -7.016343623399734497e-02 3.072893433272838593e-02 1.949378871358931065e-03 -1.582551375031471252e-02
3.693342581391334534e-02 -2.868474647402763367e-02 3.200203925371170044e-02 1.066494453698396683e-02 -3.072836436331272125e-02
-2.771222032606601715e-02 -3.884611185640096664e-03 -1.195976883172988892e-01 -6.366660818457603455e-03 -3.366266936063766479e-02
5.046288296580314636e-02 -4.142411053180694580e-03 1.032083258032798767e-01 5.362803488969802856e-02 2.255191840231418610e-02
-3.121192567050457001e-02 -4.637403041124343872e-02 7.709044963121414185e-02 7.692959904670715332e-02 1.045591235160827637e-01
-4.853129014372825623e-02 3.388943523168563843e-02 3.614565357565879822e-02 -1.752192340791225433e-02 -5.023891478776931763e-02
-4.828084260225296021e-02 5.124593526124954224e-02 1.887336000800132751e-02 7.222156226634979248e-02 1.040310133248567581e-02
-2.141769509762525558e-03 5.539309978485107422e-02 6.852775812149047852e-03 7.707615196704864502e-02 9.689170122146606445e-02
-3.582489490509033203e-02 3.982807695865631104e-02 2.649270370602607727e-02 -5.326708406209945679e-02 -3.605887526646256447e-03
1.644081436097621918e-02 -5.914544686675071716e-02 -9.198268502950668335e-02 -8.725441992282867432e-03 -7.275807857513427734e-02
5.677068233489990234e-02 3.321361169219017029e-02 1.804586313664913177e-02 -6.614314019680023193e-02 3.296243771910667419e-02
3.989958390593528748e-02 -2.312626875936985016e-02 3.864184394478797913e-02 -1.811314933001995087e-02 -5.557639896869659424e-02
-4.559936001896858215e-02 4.375761747360229492e-02 -1.403818372637033463e-02 1.021341085433959961e-01 2.719618566334247589e-02
1.662688702344894409e-02 6.859045475721359253e-02 4.829074442386627197e-02 7.474220544099807739e-02 7.231184840202331543e-02
-1.461757463403046131e-03 -4.765439778566360474e-02 3.136288747191429138e-02 -7.341848313808441162e-02 1.870437711477279663e-02
1.808537985198199749e-03 6.509021669626235962e-02 6.825479865074157715e-02 1.889437623322010040e-02 -5.692460015416145325e-02
-5.897299852222204208e-03 -8.380428701639175415e-02 -1.196776479482650757e-01 -1.080992966890335083e-01 1.087339967489242554e-02
1.349760219454765320e-02 5.375054478645324707e-02 6.126582995057106018e-02 9.024041891098022461e-02 9.645209461450576782e-02
1.178719103336334229e-01 1.578739285469055176e-01 9.990195930004119873e-02 1.257978975772857666e-01 4.020518809556961060e-02
9.537848085165023804e-02 1.704525761306285858e-02 6.364716589450836182e-02 -2.826461102813482285e-03 -9.271423518657684326e-02
-1.757723465561866760e-02 1.510889828205108643e-02 4.048838838934898376e-02 -3.036010777577757835e-03 -4.141275584697723389e-02
3.533381596207618713e-02 5.384759977459907532e-03 2.920332923531532288e-02 1.276250928640365601e-01 5.549660697579383850e-02
1.772248931229114532e-02 9.695516526699066162e-02 1.747626811265945435e-01 1.724355816841125488e-01 8.971301466226577759e-02
1.111390739679336548e-01 -3.053615242242813110e-02 5.139733850955963135e-02 4.164126887917518616e-02 -1.911428757011890411e-02
3.237694129347801208e-02 -2.623764611780643463e-02 -9.760487079620361328e-02 -4.596404358744621277e-02 -4.233259707689285278e-02
2.834901586174964905e-02 4.942802339792251587e-02 6.096901372075080872e-02 7.758453954011201859e-03 5.436578392982482910e-02
-7.259023189544677734e-02 -2.428925363346934319e-03 -3.846154734492301941e-02 -3.604036569595336914e-02 -6.556782126426696777e-02
-8.644974231719970703e-02 -1.236169487237930298e-01 -8.507858961820602417e-02 -1.593742221593856812e-01 -5.389061942696571350e-02
4.460388328880071640e-03 3.611356252804398537e-03 -6.369284354150295258e-03 4.500275105237960815e-02 1.029864177107810974e-01
1.268822699785232544e-01 1.161914318799972534e-01 7.475432753562927246e-02 8.462319523096084595e-02 1.442790925502777100e-01
-1.033286657184362411e-02 -3.755340725183486938e-02 -2.415661700069904327e-02 -1.918904855847358704e-02 4.044863581657409668e-02
2.015581354498863220e-02 6.034309510141611099e-03 1.241464689373970032e-01 1.002090722322463989e-01 1.241080239415168762e-01
8.787012100219726562e-02 3.901112452149391174e-02 1.135538145899772644e-01 1.754868589341640472e-02 1.337334746494889259e-03
3.088663890957832336e-02 2.021066099405288696e-02 1.797174476087093353e-02 -9.701405651867389679e-03 -8.003739267587661743e-02
-3.132737800478935242e-02 -4.759668558835983276e-02 3.025961481034755707e-02 -6.076877564191818237e-02 -9.844520688056945801e-02
9.204483777284622192e-02 7.714170962572097778e-02 1.537387967109680176e-01 8.064704388380050659e-02 3.753129858523607254e-03
-7.412645965814590454e-02 -2.950190939009189606e-02 -5.448796600103378296e-02 -7.779724895954132080e-02 -1.039229929447174072e-01
-2.226340025663375854e-01 -2.764387726783752441e-01 -2.094785124063491821e-01 -1.913684606552124023e-01 -1.442382782697677612e-01
-2.783458679914474487e-02 8.002019673585891724e-02 5.895086005330085754e-02 1.390344500541687012e-01 1.411467231810092926e-02
1.974013149738311768e-01 2.439824938774108887e-01 2.123964577913284302e-01 1.464165002107620239e-01 6.174282636493444443e-03
5.087924376130104065e-02 1.636372320353984833e-02 -4.806731268763542175e-02 2.305663563311100006e-02 3.146677464246749878e-02
4.527850821614265442e-02 -4.189368337392807007e-02 2.299570105969905853e-02 -4.707657545804977417e-02 1.901948638260364532e-02
3.727130964398384094e-02 3.799533098936080933e-02 8.433253504335880280e-03 1.242485567927360535e-01 5.887468531727790833e-02
7.816991209983825684e-02 3.008267842233181000e-02 4.321798682212829590e-03 1.119689196348190308e-01 8.248315192759037018e-03
-2.996543981134891510e-02 -4.089651629328727722e-02 5.237870663404464722e-02 7.061661779880523682e-02 -6.461105076596140862e-04
-1.636806502938270569e-02 -3.150621429085731506e-02 5.808436125516891479e-02 -3.937672451138496399e-02 4.168363660573959351e-02
7.708625402301549911e-03 -1.181247737258672714e-02 4.113764315843582153e-02 -4.285712167620658875e-02 1.981278881430625916e-02
-5.348242074251174927e-02 -6.105434894561767578e-02 1.341625303030014038e-02 -1.479834318161010742e-02 2.560469508171081543e-02
4.801648482680320740e-02 4.083441197872161865e-02 -6.088134367018938065e-03 1.695445924997329712e-02 -8.232596516609191895e-02
5.850053578615188599e-02 6.156014278531074524e-02 6.704656989313662052e-04 4.034169763326644897e-02 -8.709490299224853516e-02
1.471030246466398239e-02 1.514302380383014679e-02 -4.086385294795036316e-02 -2.761765196919441223e-02 2.084803208708763123e-02
4.292105510830879211e-02 -2.750290557742118835e-02 -4.772037267684936523e-02 -1.797750778496265411e-02 3.584519028663635254e-02
8.310289122164249420e-04 6.547202914953231812e-02 7.977804541587829590e-02 6.885509192943572998e-02 3.110940568149089813e-02
-3.619327768683433533e-02 1.665670797228813171e-02 -1.043394673615694046e-02 2.570880763232707977e-02 3.748070076107978821e-02
-2.969722077250480652e-02 3.276058286428451538e-02 -9.574451297521591187e-02 1.616266439668834209e-03 4.115005582571029663e-02
-2.704859478399157524e-03 5.734319239854812622e-02 -2.122273854911327362e-02 1.212754752486944199e-02 -3.016954287886619568e-02
8.165394514799118042e-02 4.051296040415763855e-02 -3.766115754842758179e-02 -4.924809187650680542e-02 -3.964913263916969299e-02
6.129063293337821960e-02 -5.250787362456321716e-02 4.840596020221710205e-02 -2.205439470708370209e-02 -1.568997651338577271e-02
6.463037431240081787e-02 6.947966665029525757e-02 -3.523782128468155861e-03 5.047228932380676270e-02 -2.710477821528911591e-02
1.195064187049865723e-02 3.125730529427528381e-02 1.260249130427837372e-02 -1.074564009904861450e-01 -1.125898584723472595e-01
7.887520641088485718e-02 -8.718349970877170563e-03 3.930499404668807983e-02 -8.251279592514038086e-03 -2.349253185093402863e-02
8.942156285047531128e-02 4.865310713648796082e-02 -2.794629335403442383e-02 -4.006522893905639648e-02 -3.842579899355769157e-03
4.234035685658454895e-02 -1.647771894931793213e-02 9.155238419771194458e-02 2.135561779141426086e-02 8.752807043492794037e-04
8.698596805334091187e-02 1.054544076323509216e-01 3.098140098154544830e-02 -8.405154943466186523e-02 -6.840402632951736450e-02
9.036184288561344147e-03 7.935765385627746582e-02 2.048030681908130646e-02 -2.586170285940170288e-02 -1.076099351048469543e-01
-2.356964536011219025e-02 -4.155847057700157166e-02 3.051694482564926147e-02 -2.725823223590850830e-02 -6.394051760435104370e-02
-2.309720404446125031e-02 5.698774382472038269e-02 -6.384619325399398804e-02 -5.609060823917388916e-02 -1.116419490426778793e-02
6.135752424597740173e-02 -7.211528252810239792e-03 2.822264842689037323e-02 9.299167990684509277e-02 8.339929580688476562e-02
5.925791338086128235e-02 2.702783979475498199e-02 1.092568319290876389e-02 1.497693266719579697e-02 1.301220655441284180e-01
-2.912483550608158112e-02 -1.600681245326995850e-02 1.317545864731073380e-02 1.175037994980812073e-01 9.125357493758201599e-03
9.599436819553375244e-02 2.460455894470214844e-02 -8.827391080558300018e-03 -3.672482445836067200e-02 -5.688414908945560455e-03
4.423051327466964722e-02 1.601848565042018890e-02 -1.905473880469799042e-03 7.008622586727142334e-02 -5.437931790947914124e-02
3.455515205860137939e-02 8.767760545015335083e-02 -2.143099531531333923e-02 -3.349732235074043274e-02 2.519950270652770996e-02
9.436177462339401245e-02 3.033352829515933990e-02 6.149042770266532898e-02 -3.878532350063323975e-02 4.001522320322692394e-04
1.007219851016998291e-01 1.219982355833053589e-01 -1.547109615057706833e-02 -3.694069012999534607e-02 2.026912011206150055e-02
5.364364758133888245e-02 3.780413791537284851e-02 4.117779061198234558e-02 -4.841899499297142029e-03 -2.119286358356475830e-02
-5.365096963942050934e-03 -3.258894011378288269e-02 -6.239179521799087524e-02 -6.956592947244644165e-02 -7.178340852260589600e-02
3.296145796775817871e-02 5.922720208764076233e-02 5.981128662824630737e-02 3.070341423153877258e-02 -1.407348513603210449e-01
3.065600432455539703e-02 1.101557984948158264e-01 2.442059963941574097e-01 1.782499104738235474e-01 3.878248482942581177e-02
-8.401565998792648315e-02 8.758894167840480804e-03 1.537707298994064331e-01 8.329570293426513672e-02 2.671696990728378296e-02
-8.179087936878204346e-02 -1.862195506691932678e-02 4.081306979060173035e-02 8.821856230497360229e-02 -1.946376450359821320e-02
-6.999298930168151855e-02 -3.065309487283229828e-02 -2.252441458404064178e-02 3.327149152755737305e-02 -2.715278230607509613e-02
-6.401185691356658936e-02 -2.692470327019691467e-02 -1.134191453456878662e-01 5.350363999605178833e-02 -3.428019210696220398e-02
-5.269931256771087646e-02 -6.858226656913757324e-02 -9.682822227478027344e-02 1.352460030466318130e-02 -4.681910574436187744e-02
-1.892752014100551605e-02 -2.182187512516975403e-03 6.759300082921981812e-02 8.317463845014572144e-02 -1.020334102213382721e-02
-3.733859583735466003e-02 3.082909435033798218e-02 -4.617906361818313599e-02 5.826130509376525879e-02 -9.599544107913970947e-03
-5.823750048875808716e-02 -2.389379218220710754e-02 -2.210473874583840370e-03 -3.125471621751785278e-02 -4.798591136932373047e-03
2.646154537796974182e-02 4.745637625455856323e-02 8.348882198333740234e-02 1.257866434752941132e-02 -1.856532879173755646e-02
-1.133510842919349670e-03 5.649475380778312683e-02 3.447864577174186707e-02 2.261576708406209946e-03 4.085810855031013489e-02
-5.130081251263618469e-02 -2.359770238399505615e-02 2.041289955377578735e-02 -8.003825321793556213e-03 1.305876951664686203e-02
-1.618402637541294098e-02 5.627045780420303345e-02 4.674969241023063660e-02 2.975237742066383362e-02 1.470307074487209320e-02
-1.858260296285152435e-02 3.545846417546272278e-02 2.092658914625644684e-02 4.750913009047508240e-02 -7.368327584117650986e-03
-9.915317408740520477e-03 9.198726713657379150e-02 -2.875167131423950195e-02 -3.863363526761531830e-03 3.303315490484237671e-02
6.912621110677719116e-02 5.006879568099975586e-02 4.673372954130172729e-02 5.319255404174327850e-03 5.140025913715362549e-02
3.467527031898498535e-02 6.615892797708511353e-02 1.529890391975641251e-02 -4.968988895416259766e-02 -2.771915681660175323e-02
-2.318043448030948639e-02 -5.654846131801605225e-02 -7.595846801996231079e-02 -3.760865330696105957e-02 -5.885628238320350647e-02
4.264045041054487228e-03 -3.854276612401008606e-02 -7.507359609007835388e-03 -6.449100375175476074e-02 3.350903280079364777e-03
-2.777453744783997536e-03 -2.024424634873867035e-02 6.007014960050582886e-02 -9.691907092928886414e-03 2.582592656835913658e-03
-9.627914987504482269e-03 9.287622570991516113e-02 3.300285711884498596e-02 5.170312896370887756e-02 -2.109353616833686829e-02
3.653533384203910828e-02 7.134812325239181519e-02 2.968493662774562836e-02 5.666031688451766968e-02 6.983375549316406250e-02
2.699905633926391602e-02 8.510731905698776245e-02 4.528524354100227356e-02 -4.013021942228078842e-03 -4.448235407471656799e-02
8.704520016908645630e-02 6.853019446134567261e-02 9.369946271181106567e-02 -3.899035602807998657e-02 4.084106162190437317e-02
-9.270896203815937042e-03 2.249131165444850922e-02 1.389676332473754883e-02 9.056685119867324829e-02 7.304712384939193726e-02
4.938249289989471436e-02 7.583790272474288940e-02 1.058673486113548279e-01 7.875020802021026611e-02 6.388890091329813004e-03
2.500689029693603516e-02 8.803185075521469116e-03 -4.821763932704925537e-02 -8.256262540817260742e-02 4.464198369532823563e-03
-3.123739734292030334e-02 -6.736826896667480469e-02 -1.249133143573999405e-02 5.315425619482994080e-02 3.286781162023544312e-02
3.985492512583732605e-02 3.395817056298255920e-02 -1.246122829616069794e-02 2.320351079106330872e-02 -4.060829058289527893e-03
-3.481007367372512817e-02 -9.130807220935821533e-02 -5.042444914579391479e-02 -1.464882772415876389e-02 3.262424096465110779e-02
4.488003998994827271e-02 -6.754151731729507446e-02 -1.068441867828369141e-01 7.990461587905883789e-02 -5.613289773464202881e-02
2.862003818154335022e-02 -1.380439251661300659e-01 -8.387253619730472565e-03 1.437224149703979492e-01 2.570997178554534912e-02
-4.872773308306932449e-03 6.578098237514495850e-02 6.073471158742904663e-03 -3.993230313062667847e-02 -7.616774179041385651e-03
-4.220775142312049866e-02 5.904410406947135925e-02 -1.204325165599584579e-02 9.973560459911823273e-03 1.849433034658432007e-02
-3.717151656746864319e-02 9.251022338867187500e-02 1.459258887916803360e-02 2.456720918416976929e-02 4.807292297482490540e-02
-2.051433362066745758e-02 2.006211690604686737e-02 6.820658594369888306e-02 -5.671231821179389954e-02 -2.067485451698303223e-02
8.377733826637268066e-02 -1.099928934127092361e-02 -4.882808774709701538e-02 -6.104633584618568420e-02 -1.882862672209739685e-02
-7.812231779098510742e-02 -6.269751582294702530e-03 4.686470702290534973e-02 7.824978232383728027e-02 -1.161669380962848663e-02
-8.001636713743209839e-02 -9.604500234127044678e-02 -6.357911974191665649e-02 3.218733519315719604e-02 7.480688393115997314e-02
-3.022004105150699615e-02 -1.817731410264968872e-01 -5.689447000622749329e-02 9.671024233102798462e-02 -9.921391308307647705e-02
-1.518916338682174683e-01 -1.238295510411262512e-01 8.228410035371780396e-03 7.464456558227539062e-02 -1.060987263917922974e-01
-4.858173057436943054e-02 -4.958578571677207947e-02 2.027019411325454712e-01 1.050425916910171509e-01 -2.315424196422100067e-02
1.157476287335157394e-02 -1.804930157959461212e-02 -5.215582996606826782e-02 4.591171164065599442e-03 4.645890090614557266e-03
-2.280595339834690094e-02 5.798227339982986450e-02 -1.759784482419490814e-02 -9.248705208301544189e-02 -7.430562376976013184e-02
2.449683472514152527e-02 4.440506920218467712e-02 -2.182881161570549011e-02 8.562363684177398682e-02 7.123001664876937866e-02
5.231573060154914856e-02 8.116556331515312195e-03 1.161974221467971802e-01 2.039148658514022827e-02 1.282774936407804489e-02
6.832242012023925781e-02 2.789620496332645416e-02 3.855607286095619202e-02 2.840514481067657471e-02 5.310181900858879089e-02
-1.665437407791614532e-02 1.460316684097051620e-02 1.037040073424577713e-02 8.134897053241729736e-02 -5.375913530588150024e-02
-3.148747235536575317e-02 -4.896857589483261108e-02 7.722601294517517090e-02 -2.205193415284156799e-02 1.645943149924278259e-02
-4.541539400815963745e-02 5.893111601471900940e-02 -4.915988538414239883e-03 -9.646672755479812622e-03 -5.863956734538078308e-02
-8.769843727350234985e-03 -4.227297008037567139e-02 -9.303737431764602661e-02 -8.691044896841049194e-02 4.595024138689041138e-02
4.124005511403083801e-02 6.279698759317398071e-02 1.953675970435142517e-02 -5.590733885765075684e-02 -4.296033177524805069e-03
3.881284268572926521e-03 5.794567987322807312e-02 6.440360099077224731e-02 -4.626927431672811508e-03 -2.412873320281505585e-02
6.855874508619308472e-02 4.647094756364822388e-02 1.645186543464660645e-02 9.407036006450653076e-02 -2.622245065867900848e-02
-5.525446310639381409e-02 8.610942400991916656e-03 8.375571668148040771e-02 1.849707961082458496e-02 8.576424419879913330e-02
2.570276334881782532e-02 4.666643217206001282e-02 -2.085106633603572845e-02 -3.656444698572158813e-02 -1.460993778891861439e-03
-7.113964110612869263e-02 -3.830264508724212646e-02 -9.324357658624649048e-02 -8.772908151149749756e-02 3.631493076682090759e-02
5.754155293107032776e-02 8.591645956039428711e-02 -6.630944088101387024e-03 -1.141684874892234802e-02 -5.041787400841712952e-02
9.854763746261596680e-03 -4.694466665387153625e-02 -4.412941262125968933e-02 -5.004995968192815781e-03 2.556694298982620239e-02
-5.485892295837402344e-02 7.811902463436126709e-02 7.758753746747970581e-02 1.202682927250862122e-01 1.226469203829765320e-01
7.593183964490890503e-02 4.967781156301498413e-02 -3.990012221038341522e-03 1.757568679749965668e-02 3.452605009078979492e-02
-7.656900584697723389e-02 -5.387467145919799805e-02 -1.581596434116363525e-01 -1.114427000284194946e-01 -1.037597656250000000e-01
-7.460528984665870667e-03 -1.400781702250242233e-02 5.313444882631301880e-02 8.057004213333129883e-02 -4.120352864265441895e-02
8.473549678456038237e-05 7.685291767120361328e-02 7.273605465888977051e-02 6.799498200416564941e-02 1.561851985752582550e-02
7.187925279140472412e-02 1.968567445874214172e-02 3.757794201374053955e-02 -7.623702287673950195e-03 -2.595147676765918732e-02
3.020193055272102356e-02 -1.041945517063140869e-01 -1.288023740053176880e-01 -8.846957236528396606e-02 -8.867555856704711914e-02
-1.062221359461545944e-02 -3.213931247591972351e-02 -9.106718748807907104e-02 -6.636719405651092529e-02 -3.011773154139518738e-02
-2.782715484499931335e-02 2.984687872231006622e-02 -7.186593487858772278e-03 1.141755282878875732e-02 2.130988053977489471e-02
-1.282560359686613083e-02 8.141667582094669342e-03 -8.254319429397583008e-03 -1.005504429340362549e-01 -1.344229578971862793e-01
7.838696241378784180e-02 2.452743612229824066e-02 -2.234361693263053894e-02 -6.494617462158203125e-02 6.071946397423744202e-02
1.134664714336395264e-01 1.168723553419113159e-01 8.447063714265823364e-02 1.547725051641464233e-01 1.573148220777511597e-01
4.963304847478866577e-02 1.094761304557323456e-02 3.017983399331569672e-04 -2.187761664390563965e-02 -6.019026413559913635e-02
1.163588091731071472e-02 -2.880543842911720276e-02 7.340350747108459473e-02 2.711193636059761047e-02 8.902523666620254517e-02
-3.952785581350326538e-02 1.275542285293340683e-02 7.282828539609909058e-02 1.364120543003082275e-01 1.138421297073364258e-01
2.310051769018173218e-02 -4.255536943674087524e-02 -3.460071235895156860e-02 3.323722258210182190e-02 -4.122767224907875061e-02
-4.620733112096786499e-02 -8.927921205759048462e-02 -3.807217627763748169e-02 2.742059063166379929e-03 -2.842696383595466614e-02
-1.302066142670810223e-03 4.420112073421478271e-02 4.945034906268119812e-02 1.082684006541967392e-02 4.759129881858825684e-02
-3.105581179261207581e-02 -8.725726604461669922e-02 -4.877942800521850586e-02 6.761007010936737061e-02 -4.531636089086532593e-02
6.254373490810394287e-02 -6.017330288887023926e-02 -2.058732360601425171e-01 -1.521397083997726440e-01 -1.695619225502014160e-01
8.685293048620223999e-02 -4.485699161887168884e-02 -5.878788977861404419e-02 5.833528563380241394e-02 1.459484696388244629e-01
9.828612953424453735e-02 2.487425357103347778e-01 2.696403563022613525e-01 1.387221366167068481e-01 1.211526319384574890e-01
9.969418495893478394e-02 8.714047819375991821e-02 -5.978266149759292603e-02 -9.346450120210647583e-02 -2.698665671050548553e-02
1.039751619100570679e-02 1.124664396047592163e-02 7.550447434186935425e-02 3.837124630808830261e-02 8.837304264307022095e-02
-4.878747090697288513e-02 -2.765301428735256195e-02 -1.558093167841434479e-02 6.467265635728836060e-02 8.241131156682968140e-02
-7.333036046475172043e-03 3.270001616328954697e-03 -3.832506388425827026e-02 5.346880853176116943e-02 1.057516410946846008e-01
5.141925439238548279e-02 -2.610087767243385315e-02 -8.561865985393524170e-02 7.063104212284088135e-02 1.291513890027999878e-01
7.397408783435821533e-02 9.133261442184448242e-02 -8.106026798486709595e-02 -5.109079927206039429e-02 8.753493428230285645e-02
-6.927061825990676880e-02 -3.872832283377647400e-02 -5.525017157196998596e-02 2.045167237520217896e-02 3.642657026648521423e-02
-5.427865311503410339e-02 5.668187513947486877e-03 -4.282385483384132385e-02 -2.413888275623321533e-02 -1.209748256951570511e-02
-3.678816556930541992e-02 6.539104878902435303e-02 -6.389033515006303787e-03 4.489473626017570496e-02 -7.829968631267547607e-02
3.768508881330490112e-02 6.481110304594039917e-02 -2.998794801533222198e-02 -5.163040757179260254e-02 -4.551785811781883240e-02
2.545301988720893860e-02 7.858363538980484009e-02 -7.846475578844547272e-03 -4.806113615632057190e-02 -6.345320492982864380e-02
-4.724814370274543762e-02 -6.897388375364243984e-04 8.087148517370223999e-02 5.587333813309669495e-03 -1.848359243012964725e-03
5.524654313921928406e-02 -9.612998925149440765e-03 2.180476207286119461e-03 2.613305859267711639e-02 4.191771149635314941e-04
-1.107196696102619171e-02 -4.306784272193908691e-02 1.746369339525699615e-02 -9.059222042560577393e-02 -2.599269337952136993e-02
2.313756151124835014e-03 3.229769319295883179e-02 -8.114825002849102020e-03 -3.237440809607505798e-02 4.822729900479316711e-02
-9.703272953629493713e-03 -3.237782791256904602e-02 4.892145842313766479e-02 -6.023552268743515015e-02 3.732315450906753540e-02
4.474258795380592346e-02 4.259101673960685730e-02 4.598541557788848877e-02 8.641290664672851562e-02 2.393018081784248352e-02
4.546689987182617188e-02 6.072100251913070679e-02 2.606015652418136597e-03 -3.386463969945907593e-02 -8.950662612915039062e-02
-5.026349052786827087e-02 -3.475227206945419312e-02 -8.519907481968402863e-03 -6.712067127227783203e-02 9.010622277855873108e-03
8.565068244934082031e-02 5.551058053970336914e-02 4.166913777589797974e-02 -2.180186659097671509e-02 -5.610835552215576172e-02
-4.925115499645471573e-03 -1.869525574147701263e-02 -5.175509722903370857e-04 5.610500276088714600e-02 -3.931224346160888672e-02
2.958019636571407318e-02 1.441751699894666672e-02 -2.848653122782707214e-02 5.941585451364517212e-02 5.754253268241882324e-02
8.023704588413238525e-02 1.588026806712150574e-02 -2.834281325340270996e-02 -1.031820550560951233e-01 1.630994956940412521e-04
6.161615252494812012e-02 1.438411138951778412e-02 1.322201080620288849e-02 -7.233908865600824356e-03 -8.498582988977432251e-02
2.378406003117561340e-02 1.267627328634262085e-01 2.871590480208396912e-02 1.035858504474163055e-02 4.009139165282249451e-02
-3.573653101921081543e-02 5.876424536108970642e-02 6.537771783769130707e-03 5.826463922858238220e-02 -2.053348161280155182e-02
1.128456890583038330e-01 -2.627886272966861725e-02 -6.427617371082305908e-02 -5.620266776531934738e-03 7.198216766119003296e-02
-2.204255387187004089e-02 -5.189008079469203949e-03 8.116619288921356201e-02 7.926013320684432983e-02 2.590657444670796394e-03
2.781666256487369537e-02 5.047617014497518539e-03 -5.197739601135253906e-02 4.707441478967666626e-02 -3.622182458639144897e-02
8.189303800463676453e-03 -1.035999506711959839e-01 -1.758080162107944489e-02 1.384946168400347233e-03 4.732134193181991577e-02
-3.915810212492942810e-02 8.248629420995712280e-02 -7.944610714912414551e-02 -8.297579735517501831e-02 1.121046394109725952e-01
-4.221052303910255432e-02 7.345543056726455688e-02 -5.548416078090667725e-02 1.269171573221683502e-02 -8.276190608739852905e-02
4.350525513291358948e-02 -9.256403893232345581e-03 -7.726857066154479980e-02 7.220889907330274582e-03 1.522507984191179276e-02
7.001185417175292969e-02 3.450442478060722351e-02 3.197192028164863586e-02 5.531009659171104431e-02 -2.565717138350009918e-02
4.474231041967868805e-03 4.246274754405021667e-02 9.975479543209075928e-02 3.351758047938346863e-02 -6.050854548811912537e-02
-2.094344422221183777e-02 6.196023151278495789e-02 -1.455713249742984772e-02 6.117650121450424194e-02 -6.965766102075576782e-02
6.049823388457298279e-02 4.088966175913810730e-02 8.996120840311050415e-02 1.565800756216049194e-01 -3.551349416375160217e-02
5.440121516585350037e-02 1.028284281492233276e-01 1.810922026634216309e-01 1.561800241470336914e-01 -5.019116401672363281e-02
-7.752475887537002563e-02 -1.571322046220302582e-02 -1.105041010305285454e-03 1.130371242761611938e-01 -9.853518754243850708e-02
-8.323229849338531494e-03 -1.714016497135162354e-01 -1.156069338321685791e-01 1.431840807199478149e-01 8.897584863007068634e-03
1.080433726310729980e-01 -1.431834548711776733e-01 -7.841219753026962280e-02 1.506147533655166626e-01 1.451434474438428879e-02
-3.225860744714736938e-02 -3.616803139448165894e-02 4.983086604624986649e-03 -7.487611845135688782e-03 -3.448575735092163086e-02
1.185511425137519836e-02 5.071970447897911072e-02 -5.544205009937286377e-02 2.609054930508136749e-02 -8.514742553234100342e-02
-1.142774359323084354e-03 6.858749687671661377e-02 2.125822566449642181e-02 -1.900503598153591156e-02 5.128287244588136673e-03
-3.685157373547554016e-02 -5.730164237320423126e-03 1.263461261987686157e-01 9.941813349723815918e-02 9.025872498750686646e-02
2.289477922022342682e-02 5.007803067564964294e-02 -3.614993020892143250e-02 4.357173666357994080e-02 1.032140403985977173e-01
3.716259822249412537e-02 4.200088977813720703e-02 5.508105736225843430e-03 -1.470694225281476974e-02 -4.012867808341979980e-02
5.001547560095787048e-02 -1.302797812968492508e-02 -5.036320909857749939e-02 7.593849301338195801e-02 -1.795135810971260071e-02
4.666579887270927429e-03 8.955886587500572205e-03 6.171537935733795166e-02 5.954429879784584045e-02 6.211580708622932434e-02
-2.058427035808563232e-02 5.283866450190544128e-02 -8.614347875118255615e-02 -5.463746935129165649e-02 -2.533121965825557709e-02
-2.071657218039035797e-02 3.816029801964759827e-02 -4.869460314512252808e-02 -3.309414908289909363e-02 -2.741206623613834381e-02
4.893511533737182617e-02 -4.148744419217109680e-02 3.103649243712425232e-02 6.707769632339477539e-02 -5.919013055972754955e-04
-5.694356560707092285e-02 1.703207008540630341e-02 6.584780663251876831e-02 -2.684038691222667694e-02 7.994709163904190063e-02
-3.701828047633171082e-02 2.282407693564891815e-02 4.441155120730400085e-03 2.551690675318241119e-02 4.261252284049987793e-02
7.671555038541555405e-03 4.513237625360488892e-02 6.291727721691131592e-02 6.163682416081428528e-02 4.090942069888114929e-02
9.572724811732769012e-03 -8.270790427923202515e-02 -1.148483809083700180e-02 -5.648030340671539307e-02 -1.257648319005966187e-02
-5.888435989618301392e-02 6.889794021844863892e-02 7.211548089981079102e-02 2.976753050461411476e-03 6.820053607225418091e-02
1.089129596948623657e-02 1.806139387190341949e-02 8.350805193185806274e-02 2.851135842502117157e-02 3.186939284205436707e-02
-1.018059346824884415e-02 5.533231794834136963e-02 -2.168653719127178192e-02 3.673138841986656189e-02 8.357942104339599609e-02
7.119116187095642090e-02 -2.760171191766858101e-03 -4.691809043288230896e-02 4.318003077059984207e-03 3.227348998188972473e-02
-6.474792957305908203e-02 -1.069382578134536743e-01 -3.715843334794044495e-02 4.034896194934844971e-02 -2.019607461988925934e-02
-1.412154291756451130e-03 5.959807708859443665e-02 1.032587587833404541e-01 3.011626750230789185e-02 1.163590699434280396e-01
3.613276639953255653e-03 7.270240783691406250e-02 6.936255842447280884e-02 7.987953722476959229e-02 1.495753526687622070e-01
5.731790140271186829e-02 7.150898128747940063e-02 9.342258796095848083e-03 3.426618501543998718e-02 7.067397981882095337e-02
4.344829649198800325e-04 -6.615674495697021484e-02 -1.132220849394798279e-01 -2.024882845580577850e-02 -5.113584548234939575e-02
-3.519888222217559814e-02 5.690474808216094971e-02 -8.439121395349502563e-02 -1.322439406067132950e-02 -2.158877626061439514e-02
-7.382764667272567749e-02 1.936726830899715424e-02 -5.627862643450498581e-03 -6.916639953851699829e-02 8.190726861357688904e-03
-7.716545462608337402e-02 -1.076958850026130676e-01 -4.442673176527023315e-03 2.790200896561145782e-02 -1.354721188545227051e-01
-2.814439125359058380e-02 -4.716077074408531189e-02 1.070016324520111084e-01 9.576305455993860960e-05 -8.642389625310897827e-02
6.279551237821578979e-02 8.804242312908172607e-02 1.113184168934822083e-01 9.279183298349380493e-02 2.555439248681068420e-02
6.808105111122131348e-02 -5.256400629878044128e-02 -4.475471749901771545e-02 2.591733261942863464e-02 1.215716525912284851e-01
5.827370658516883850e-02 -2.957291528582572937e-02 1.675405539572238922e-02 4.894794523715972900e-02 -3.593456000089645386e-02
7.161712646484375000e-02 -4.764159210026264191e-03 -2.654152736067771912e-02 5.503341183066368103e-02 -9.345366619527339935e-03
4.481093212962150574e-02 -6.283212453126907349e-02 -5.010450258851051331e-02 3.089916706085205078e-02 1.072777956724166870e-01
-3.658287599682807922e-02 -3.638422489166259766e-02 8.553777821362018585e-03 -6.788542866706848145e-02 -3.163990005850791931e-02
8.339972794055938721e-02 4.069253429770469666e-02 8.434122800827026367e-02 -6.218627467751502991e-02 -3.371964395046234131e-02
-1.405704915523529053e-01 -2.316463179886341095e-02 -4.628029093146324158e-02 -4.994852840900421143e-02 -9.100311994552612305e-02
-1.087453812360763550e-01 4.487064667046070099e-03 -3.540799394249916077e-02 -1.521285772323608398e-01 -1.391884833574295044e-01
2.136803045868873596e-02 1.394245326519012451e-01 -3.520234255120158195e-03 -8.458127081394195557e-02 -1.744045764207839966e-01
1.022688075900077820e-01 1.021995767951011658e-01 9.162035584449768066e-02 7.605680823326110840e-02 4.826791957020759583e-02
-8.541594445705413818e-02 -4.480991512537002563e-02 6.638749688863754272e-02 2.272231578826904297e-01 6.532416492700576782e-02
2.857687510550022125e-02 -3.821877762675285339e-02 -9.392116218805313110e-03 1.851368322968482971e-02 2.135622780770063400e-03
-7.487540692090988159e-02 -4.661757498979568481e-02 -2.727187797427177429e-02 2.328023687005043030e-02 7.990016788244247437e-02
3.362892661243677139e-03 1.350345369428396225e-02 -5.860973522067070007e-02 -5.967245623469352722e-02 1.512093562632799149e-02
-4.955740179866552353e-03 5.349639803171157837e-02 1.612036861479282379e-02 -6.029371544718742371e-02 4.885051026940345764e-02
8.414313942193984985e-02 -4.508113488554954529e-02 -6.200724840164184570e-02 -2.347050420939922333e-02 -3.967517986893653870e-02
3.959337994456291199e-02 4.322811588644981384e-02 -4.767734184861183167e-02 -5.326927825808525085e-02 -4.838437214493751526e-02
6.800819188356399536e-02 -2.898268587887287140e-02 4.442066326737403870e-02 3.903027996420860291e-02 -6.007963418960571289e-02
-4.938001930713653564e-02 7.801530510187149048e-02 7.416573166847229004e-02 4.661186784505844116e-02 -7.060267496854066849e-03
-5.146739259362220764e-02 -3.905928134918212891e-02 8.211378008127212524e-02 5.875386297702789307e-02 3.787804022431373596e-02
-1.166990585625171661e-02 4.018783196806907654e-02 6.652919203042984009e-02 2.421387657523155212e-02 4.986193776130676270e-02
4.047828260809183121e-03 3.289813548326492310e-02 5.735629796981811523e-02 2.206187695264816284e-02 8.172416687011718750e-02
-3.919349983334541321e-02 2.479445934295654297e-02 -3.591978922486305237e-02 4.187161847949028015e-02 -4.108493402600288391e-02
3.327726619318127632e-03 5.452765524387359619e-02 -8.278425782918930054e-03 -2.517503872513771057e-02 2.289769984781742096e-02
1.401522196829319000e-02 -3.557888790965080261e-02 8.299572765827178955e-02 2.260136045515537262e-02 -5.186558142304420471e-02
2.725210972130298615e-02 6.386750936508178711e-02 -1.522655715234577656e-03 4.932878911495208740e-02 -1.190539170056581497e-02
4.769763350486755371e-02 3.093748353421688080e-02 3.708210960030555725e-02 -6.002183631062507629e-02 -5.320622399449348450e-02
6.263002753257751465e-02 8.045767247676849365e-02 -3.008303046226501465e-02 -3.799071907997131348e-02 -7.393476087599992752e-03
1.068740412592887878e-01 1.871660724282264709e-02 4.417201504111289978e-02 -8.677236735820770264e-03 -5.813151225447654724e-02
7.226241379976272583e-02 5.448366329073905945e-02 -3.281645476818084717e-02 -2.573836222290992737e-02 1.792835630476474762e-02
-1.293898466974496841e-02 -1.543684024363756180e-02 -2.391226589679718018e-02 8.892199024558067322e-03 -2.802501805126667023e-02
8.374767005443572998e-02 4.509706795215606689e-02 -6.778225069865584373e-04 -2.044206671416759491e-02 -3.132455423474311829e-02
4.387420788407325745e-02 1.049612909555435181e-01 -1.360566169023513794e-02 -2.569911815226078033e-02 -2.793782204389572144e-02
7.755897939205169678e-02 4.668265953660011292e-02 1.632004976272583008e-02 -1.785971038043498993e-02 -1.741427741944789886e-02
8.389915525913238525e-02 4.886045679450035095e-02 9.061954170465469360e-02 1.505200713872909546e-01 9.185656160116195679e-02
-4.876446351408958435e-02 2.940368279814720154e-02 7.711111009120941162e-02 1.398650407791137695e-01 3.769262880086898804e-02
1.613796129822731018e-02 -7.748143374919891357e-02 2.491850592195987701e-02 -2.498436532914638519e-02 -3.309821337461471558e-02
-7.477785646915435791e-02 -2.450106106698513031e-02 4.045762587338685989e-03 3.008035756647586823e-02 3.698791936039924622e-02
-5.253346264362335205e-02 5.052670091390609741e-02 -3.716780617833137512e-02 -6.647592037916183472e-02 -4.608381912112236023e-02
-3.215857548639178276e-03 6.273642927408218384e-02 3.399487584829330444e-02 -2.280980534851551056e-02 -6.464262492954730988e-03
1.185567397624254227e-02 6.325223296880722046e-02 -1.927904412150382996e-02 -5.513155460357666016e-02 -7.177973538637161255e-02
2.485365793108940125e-02 4.104057326912879944e-02 -5.375016480684280396e-02 2.624255791306495667e-02 -3.448957204818725586e-02
8.809851482510566711e-03 4.576368629932403564e-02 1.576779596507549286e-02 -2.912101149559020996e-02 -7.290641963481903076e-02
-3.527722507715225220e-02 4.800277203321456909e-02 2.597388997673988342e-02 3.455003723502159119e-02 5.740606039762496948e-02
4.431704804301261902e-02 3.765650093555450439e-02 -2.010630257427692413e-02 6.938701122999191284e-02 2.088700653985142708e-03
-2.237204834818840027e-02 2.104775980114936829e-02 -4.437843337655067444e-02 6.213219463825225830e-02 1.035331189632415771e-01
-7.633867114782333374e-02 4.862687364220619202e-02 4.067668691277503967e-02 -2.719630673527717590e-02 -9.934443980455398560e-02
-1.276347041130065918e-01 2.380415052175521851e-02 2.255368977785110474e-02 1.252745836973190308e-01 1.391187310218811035e-01
-3.972808271646499634e-02 2.712589129805564880e-02 -1.319022029638290405e-01 1.158086732029914856e-01 2.151647508144378662e-01
6.107727810740470886e-02 -2.663347497582435608e-02 -1.060110926628112793e-01 -6.610485725104808807e-03 1.391835957765579224e-01
8.052721619606018066e-02 1.386596262454986572e-02 -6.765204668045043945e-02 2.488328516483306885e-02 -7.226429879665374756e-02
-5.364537611603736877e-02 3.738419711589813232e-02 6.462840735912322998e-02 -1.915339194238185883e-02 1.710838079452514648e-02
-4.736557602882385254e-02 -4.588031733874231577e-04 -1.999378763139247894e-02 5.602437630295753479e-02 -9.539222717285156250e-02
-3.136191889643669128e-02 -2.458971366286277771e-02 -8.626918308436870575e-03 -8.366705477237701416e-02 -8.976674079895019531e-02
-7.112301141023635864e-02 8.332333713769912720e-02 9.755381196737289429e-02 -3.307727351784706116e-02 -7.495450228452682495e-02
-1.610272563993930817e-02 5.390442162752151489e-02 8.227011561393737793e-02 -6.393700093030929565e-02 3.007146902382373810e-02
-7.207075506448745728e-02 6.389784067869186401e-02 -8.405861444771289825e-03 -3.662300854921340942e-02 -2.674403041601181030e-02
3.720032051205635071e-02 2.175506204366683960e-02 4.805567115545272827e-02 -6.923199445009231567e-02 -4.101375862956047058e-02
-4.447992891073226929e-02 -5.082914605736732483e-02 -3.147095069289207458e-02 3.465167433023452759e-02 3.322034701704978943e-02
4.633670300245285034e-02 -5.816196277737617493e-02 -3.670491650700569153e-02 1.006589923053979874e-02 7.211977988481521606e-02
-2.482736110687255859e-02 6.449825130403041840e-03 3.433061763644218445e-02 -2.182926237583160400e-02 4.948843270540237427e-02
-5.345324799418449402e-02 1.844438165426254272e-02 -7.404469698667526245e-02 -3.824443370103836060e-02 3.290901891887187958e-03
2.875044569373130798e-02 -3.951488807797431946e-02 -6.894891709089279175e-02 -1.115316152572631836e-02 3.736666589975357056e-02
2.268190309405326843e-02 3.662866726517677307e-02 -3.894046694040298462e-02 6.810468435287475586e-02 -5.129504203796386719e-02
4.158091917634010315e-02 -5.706734210252761841e-02 5.059529840946197510e-02 4.950570687651634216e-02 2.987999469041824341e-02
-2.707142010331153870e-02 -6.294306367635726929e-02 4.918267205357551575e-02 9.408003836870193481e-02 2.019391022622585297e-02
-3.625619411468505859e-02 -5.036362633109092712e-02 -5.867938324809074402e-02 -6.419614702463150024e-02 -5.873057618737220764e-02
-2.290672063827514648e-02 4.642796516418457031e-02 -7.542290538549423218e-02 -2.794629707932472229e-02 5.990974605083465576e-02
4.349874705076217651e-02 -3.776407614350318909e-02 2.320986613631248474e-02 2.469095401465892792e-02 -1.811122335493564606e-02
7.684110105037689209e-02 2.821850962936878204e-02 -2.808570861816406250e-02 5.040486901998519897e-02 -4.644494969397783279e-03
-2.750036306679248810e-02 3.930390626192092896e-02 1.436817739158868790e-02 3.032248467206954956e-02 -6.068522855639457703e-02
1.938360184431076050e-02 -7.340310607105493546e-03 -9.562816470861434937e-02 4.537256434559822083e-02 1.756121404469013214e-02
3.808760643005371094e-02 -3.016149438917636871e-02 -1.064231153577566147e-02 -7.083065062761306763e-02 -1.180571317672729492e-02
9.118659794330596924e-02 5.750415474176406860e-02 2.933978475630283356e-02 2.072036080062389374e-02 -1.767589151859283447e-02
6.619898229837417603e-02 3.402112051844596863e-02 -6.769073754549026489e-02 7.639733701944351196e-02 4.429877921938896179e-02
-6.782811135053634644e-02 -6.822623312473297119e-02 -7.370179891586303711e-02 -8.194278925657272339e-03 3.732466325163841248e-02
2.557001821696758270e-02 -1.390431821346282959e-02 7.578837871551513672e-02 4.924024268984794617e-02 -1.221576938405632973e-03
-1.365966070443391800e-02 6.046982109546661377e-02 4.582326114177703857e-02 4.701336845755577087e-02 -3.251633420586585999e-02
-5.547299236059188843e-02 3.674047067761421204e-02 1.109639927744865417e-01 1.974096149206161499e-02 -1.545004695653915405e-01
-4.258477687835693359e-02 3.417453914880752563e-02 1.204912886023521423e-01 -3.457204252481460571e-02 -4.292155429720878601e-02
4.690245538949966431e-02 7.987924665212631226e-02 1.108706071972846985e-01 9.592722170054912567e-03 -9.563729166984558105e-02
5.405251868069171906e-03 -2.536103129386901855e-02 4.421273246407508850e-02 2.052421309053897858e-02 5.990925803780555725e-02
-4.828075692057609558e-02 -6.599283218383789062e-02 -1.737705804407596588e-02 -7.582348585128784180e-02 6.773980706930160522e-02
5.922647565603256226e-02 5.549538508057594299e-02 2.537864819169044495e-02 -3.504250571131706238e-02 3.526254743337631226e-02
3.154668584465980530e-02 3.530346089974045753e-03 4.592630639672279358e-02 3.049158677458763123e-02 5.298909544944763184e-02
-1.646756939589977264e-02 -6.958631426095962524e-02 -6.874327547848224640e-03 -1.428926247172057629e-03 7.675779610872268677e-02
-2.303279004991054535e-02 -3.466829424723982811e-03 7.929688692092895508e-02 1.718838140368461609e-02 2.626182697713375092e-02
4.832295328378677368e-02 1.680056005716323853e-01 1.145124286413192749e-01 -2.286843210458755493e-02 -5.078837648034095764e-02
6.533827632665634155e-02 9.501005709171295166e-02 -1.022867858409881592e-03 -2.160225808620452881e-01 -1.057148650288581848e-01
3.623954579234123230e-02 1.199364364147186279e-01 -9.246354550123214722e-02 -1.932244151830673218e-01 -6.989880651235580444e-02
2.599927969276905060e-02 1.849614679813385010e-01 6.675895769149065018e-03 -8.404371142387390137e-02 2.359675057232379913e-02
5.179892852902412415e-02 2.706047706305980682e-02 4.545139148831367493e-02 6.469105929136276245e-02 -6.042908132076263428e-02
9.858245402574539185e-02 5.202104151248931885e-02 2.755831368267536163e-02 9.017154574394226074e-02 1.089627295732498169e-01
5.566878244280815125e-02 4.448902979493141174e-02 1.882618851959705353e-02 1.407942473888397217e-01 5.344049632549285889e-02
8.074260316789150238e-03 3.764040768146514893e-02 1.835781522095203400e-02 6.210983544588088989e-02 8.339685387909412384e-03
6.413646973669528961e-03 -2.310523390769958496e-02 -1.214294657111167908e-01 -5.654321610927581787e-02 3.474323451519012451e-02
3.524896502494812012e-02 2.074396796524524689e-02 2.829440310597419739e-02 3.537183627486228943e-02 -3.618066012859344482e-02
5.365852639079093933e-02 -1.464429218322038651e-02 -7.231383025646209717e-02 -7.593019399791955948e-03 4.874876886606216431e-02
3.915898036211729050e-03 -8.999785780906677246e-02 -7.727579027414321899e-02 -1.752413064241409302e-02 -7.223290205001831055e-02
-1.394302002154290676e-03 -4.719348996877670288e-02 -8.054900169372558594e-02 2.242079749703407288e-02 -5.025427043437957764e-02
8.107138797640800476e-03 7.169557362794876099e-02 3.011687472462654114e-02 4.441114515066146851e-02 4.623022302985191345e-02
-2.798280678689479828e-02 6.875175237655639648e-02 -4.041143506765365601e-02 -1.990294642746448517e-02 5.956898257136344910e-02
3.790507838129997253e-02 6.199425458908081055e-02 4.934222251176834106e-02 -5.892942845821380615e-02 -6.047253496944904327e-03
8.433341234922409058e-02 5.428735911846160889e-02 4.362081363797187805e-02 -6.666988134384155273e-02 -6.967622041702270508e-02
6.121679022908210754e-02 4.210778325796127319e-02 -5.788141116499900818e-02 -4.439025372266769409e-02 1.905559562146663666e-02
2.472998015582561493e-02 -4.902629181742668152e-03 6.267016381025314331e-02 6.664257962256669998e-03 6.609064526855945587e-03
-9.723182022571563721e-02 -3.335091844201087952e-02 -6.122870743274688721e-02 5.327589437365531921e-02 3.196820989251136780e-02
-4.022880271077156067e-02 9.842128306627273560e-02 1.176299303770065308e-01 1.042631268501281738e-02 -3.470737114548683167e-02
3.467270359396934509e-02 5.716302245855331421e-02 -2.311043627560138702e-02 5.884080380201339722e-02 -4.179189354181289673e-02
-4.266097210347652435e-03 -3.945604339241981506e-02 -7.748819142580032349e-02 -4.197693243622779846e-02 -8.087300695478916168e-03
-9.501640498638153076e-02 -7.213632017374038696e-02 -7.996761053800582886e-02 1.382130105048418045e-02 -7.393103092908859253e-03
8.089367300271987915e-02 3.976548463106155396e-02 4.419811815023422241e-02 7.663185242563486099e-03 2.981886453926563263e-02
-1.762536168098449707e-02 -4.071496799588203430e-02 -1.577072963118553162e-02 -6.928650289773941040e-02 -8.821532875299453735e-02
-3.876419365406036377e-02 1.324014831334352493e-02 -6.248164176940917969e-02 -1.088055148720741272e-01 -5.529798194766044617e-02
-1.910404115915298462e-02 -6.078541278839111328e-02 5.901572480797767639e-02 3.365456685423851013e-02 -9.194502979516983032e-02
8.553007990121841431e-02 1.502684205770492554e-01 1.788045614957809448e-01 7.290696352720260620e-02 5.027170851826667786e-02
-4.296327009797096252e-02 3.156076371669769287e-02 -1.022423133254051208e-01 -4.337720200419425964e-02 -1.140277716331183910e-03
-6.765119731426239014e-02 -2.789807319641113281e-02 -1.639989204704761505e-02 1.046195775270462036e-01 1.744497567415237427e-02
7.177539914846420288e-02 1.211992464959621429e-02 1.480840444564819336e-01 1.828829646110534668e-01 1.604132205247879028e-01
5.242266505956649780e-02 5.260083451867103577e-02 2.361256442964076996e-02 5.866518989205360413e-02 4.516411572694778442e-02
4.354769363999366760e-03 -6.185922399163246155e-02 -9.434197843074798584e-02 -2.107266038656234741e-01 -1.187046691775321960e-01
-5.019951611757278442e-02 -5.405607633292675018e-03 9.258799999952316284e-02 -2.523900568485260010e-02 -2.259380742907524109e-02
-2.130411192774772644e-02 4.709969088435173035e-02 2.400003001093864441e-02 2.290665358304977417e-02 -3.141625598073005676e-02
-4.243907704949378967e-02 4.475494474172592163e-02 -2.743848226964473724e-02 -9.445401281118392944e-02 -3.053737804293632507e-02
-3.036606870591640472e-02 4.859905689954757690e-02 8.576020598411560059e-03 6.148751080036163330e-02 1.402561645954847336e-02
-2.880225889384746552e-02 2.757987193763256073e-02 1.158913299441337585e-01 1.045246198773384094e-01 -1.786766760051250458e-02
-6.760700792074203491e-02 -1.121702119708061218e-01 -6.124458834528923035e-02 -8.210308104753494263e-02 9.202184528112411499e-02
-4.115369543433189392e-02 6.394784152507781982e-02 1.044533774256706238e-01 1.624788790941238403e-01 -3.499907255172729492e-02
-1.926225051283836365e-02 2.474638074636459351e-01 2.586234211921691895e-01 1.069130599498748779e-01 8.594850450754165649e-02
9.540306776762008667e-02 1.577308326959609985e-01 1.748820021748542786e-02 1.240011584013700485e-02 -1.569344848394393921e-02
-5.293441191315650940e-02 -2.199176549911499023e-01 -3.241243958473205566e-01 -1.587941050529479980e-01 8.465814590454101562e-02
-1.011294573545455933e-01 -4.036229476332664490e-02 -2.216309867799282074e-02 6.584056466817855835e-02 9.150149673223495483e-02
5.219766497611999512e-02 -7.159985601902008057e-02 -3.589074313640594482e-02 1.056047379970550537e-01 7.682263106107711792e-02
-2.200646884739398956e-02 4.421539232134819031e-02 8.459317684173583984e-02 1.214739307761192322e-01 2.798794582486152649e-02
-3.729836642742156982e-02 -6.160632893443107605e-02 9.803877770900726318e-02 6.095675751566886902e-02 -1.102879550307989120e-02
3.380667045712471008e-02 -2.996407682076096535e-03 5.394339561462402344e-03 7.130534201860427856e-02 -6.307616084814071655e-02
7.393395993858575821e-03 3.494000120554119349e-04 6.059986539185047150e-03 -1.136017218232154846e-02 5.803368985652923584e-02
3.335594385862350464e-02 4.405593872070312500e-02 -6.153232976794242859e-02 -2.269300818443298340e-02 3.423655778169631958e-02
2.148108743131160736e-02 1.606473699212074280e-02 4.118232056498527527e-02 -7.035125792026519775e-02 7.184114772826433182e-03
-4.202860593795776367e-02 -5.646538920700550079e-03 -7.001288980245590210e-02 6.592628359794616699e-02 1.444399449974298477e-02
1.771790161728858948e-02 1.914671994745731354e-02 -6.743601709604263306e-02 -3.191046183928847313e-03 -1.619951799511909485e-02
-1.679065451025962830e-02 2.420303411781787872e-02 4.830215591937303543e-03 6.169252097606658936e-03 -4.500972479581832886e-02
4.634340107440948486e-02 9.801194071769714355e-02 -2.670734934508800507e-02 -5.874824151396751404e-02 -4.252998158335685730e-02
-3.432980179786682129e-02 -2.747222036123275757e-02 1.301248930394649506e-02 -1.836909912526607513e-02 -6.290103495121002197e-02
-2.609934657812118530e-02 -2.482248237356543541e-03 3.693814203143119812e-02 2.043111436069011688e-02 5.868612229824066162e-02
5.669993534684181213e-02 -7.204904407262802124e-02 -6.971792876720428467e-02 6.226429343223571777e-02 9.702407568693161011e-02
-5.017280951142311096e-02 2.441051788628101349e-02 4.958142712712287903e-02 -1.079260651022195816e-02 -3.600935265421867371e-02
4.374752193689346313e-02 7.101844530552625656e-03 1.136522665619850159e-01 6.440089549869298935e-03 -1.149126812815666199e-01
6.430401653051376343e-02 1.197501458227634430e-02 3.816501051187515259e-02 -9.200275689363479614e-02 -1.078625842928886414e-01
1.399949193000793457e-02 8.457227796316146851e-02 -8.011110126972198486e-02 -1.746121793985366821e-02 2.681337296962738037e-02
4.601844027638435364e-02 2.276941947638988495e-02 -5.161842703819274902e-02 -2.087563835084438324e-02 3.197703510522842407e-02
1.138294786214828491e-01 3.826093301177024841e-02 -6.956306286156177521e-03 -7.067720592021942139e-02 -7.576169818639755249e-02
1.121264919638633728e-01 1.317532956600189209e-01 7.801693677902221680e-02 -7.106337696313858032e-02 -7.429253309965133667e-02
1.641539297997951508e-02 7.270549889653921127e-03 5.038421973586082458e-02 -9.047356247901916504e-02 -2.033209986984729767e-02
9.490807540714740753e-03 -5.471367761492729187e-02 -3.033869713544845581e-02 1.150958053767681122e-02 1.111596375703811646e-01
-2.340117655694484711e-02 3.171908855438232422e-02 -1.705965958535671234e-02 -3.602252155542373657e-02 -3.233077377080917358e-02
-1.014387905597686768e-01 -2.462170831859111786e-02 -4.485033452510833740e-02 1.023095683194696903e-03 1.214655116200447083e-01
-5.937566608190536499e-02 -3.976139426231384277e-02 -4.456230998039245605e-02 8.164519071578979492e-02 1.124912351369857788e-01
3.465153742581605911e-03 8.763302117586135864e-03 7.867119461297988892e-02 1.340706646442413330e-01 6.126040592789649963e-02
-2.744167111814022064e-02 -7.243744283914566040e-02 -8.381196297705173492e-03 8.136057853698730469e-02 -5.702243372797966003e-02
-8.051019161939620972e-02 2.671677060425281525e-02 -1.785278506577014923e-02 5.606827139854431152e-02 -6.158164143562316895e-02
-3.426430374383926392e-02 1.164100393652915955e-01 4.812981560826301575e-02 -2.049825154244899750e-02 -4.535852745175361633e-02
-5.588616244494915009e-03 9.915799647569656372e-02 -9.086037753149867058e-04 -6.773962173610925674e-03 -7.778905332088470459e-02
-4.286355152726173401e-02 -2.273757755756378174e-02 -2.054846147075295448e-03 3.789575770497322083e-02 -5.032878741621971130e-02
-1.289783511310815811e-03 -1.873592473566532135e-02 4.697295278310775757e-02 -8.880615234375000000e-03 2.913748612627387047e-04
7.757537066936492920e-02 5.698827654123306274e-02 5.379931535571813583e-03 -5.030088499188423157e-02 -2.988678403198719025e-02
-1.262638866901397705e-01 -4.434410482645034790e-02 1.539273560047149658e-02 1.661606281995773315e-01 -4.315369203686714172e-02
-1.224296987056732178e-01 3.689944744110107422e-02 2.005696892738342285e-01 2.511332333087921143e-01 -2.815382555127143860e-02
3.697966784238815308e-02 9.879290312528610229e-02 2.084195166826248169e-01 2.031660079956054688e-02 -2.612850666046142578e-01
-7.406208198517560959e-03 9.370481222867965698e-02 1.185406297445297241e-01 -1.531484425067901611e-01 -2.339004427194595337e-01
-7.765401154756546021e-02 3.151847049593925476e-02 3.578035393729805946e-03 -6.252885609865188599e-02 -1.281787306070327759e-01
7.513371855020523071e-02 3.436272963881492615e-03 -4.921039938926696777e-02 -3.133945539593696594e-02 -2.534762024879455566e-02
6.559628248214721680e-02 -2.869098819792270660e-02 -1.406017784029245377e-02 -1.033357307314872742e-01 -6.276916712522506714e-02
1.179919466376304626e-01 3.937495499849319458e-02 5.636081099510192871e-02 3.280669450759887695e-02 4.406094551086425781e-02
2.234190888702869415e-02 8.945389091968536377e-02 7.957695424556732178e-02 -2.581505291163921356e-02 1.082965284585952759e-01
-3.451440483331680298e-02 -5.702425539493560791e-02 -9.762652218341827393e-03 9.029302746057510376e-03 -2.980646304786205292e-02
-3.116752952337265015e-02 -3.264351561665534973e-02 3.403496462851762772e-03 3.648743033409118652e-02 3.966495394706726074e-02
-3.018182516098022461e-02 4.249076545238494873e-02 6.198624521493911743e-02 6.172046437859535217e-02 1.499138679355382919e-02
7.727156858891248703e-03 -5.955982580780982971e-02 -1.972644031047821045e-02 3.540554642677307129e-02 -3.210696205496788025e-02
3.049721568822860718e-02 5.007760226726531982e-02 -9.415325708687305450e-03 -8.593602478504180908e-02 -3.477495536208152771e-02
-5.881110951304435730e-02 -4.330777004361152649e-02 -6.216196715831756592e-02 -2.672650851309299469e-02 -5.455778166651725769e-02
2.678096108138561249e-02 -3.148608654737472534e-02 6.333192437887191772e-02 5.959771946072578430e-02 -6.270337849855422974e-02
5.721907317638397217e-02 -6.634063273668289185e-02 -5.971863493323326111e-02 7.760118693113327026e-02 -3.256229311227798462e-02
2.388802357017993927e-02 -1.435907278209924698e-02 6.161139905452728271e-02 1.137621141970157623e-02 4.097646102309226990e-03
2.820311300456523895e-02 2.147569507360458374e-02 5.972726270556449890e-02 2.062621340155601501e-02 -6.707885861396789551e-02
-4.559323564171791077e-02 -3.600212931632995605e-02 -5.017682444304227829e-03 2.176883816719055176e-02 -4.830700531601905823e-02
2.849689684808254242e-02 -4.369112476706504822e-02 -4.799280315637588501e-02 6.283009052276611328e-02 5.747403204441070557e-02
1.855857111513614655e-02 -2.699386514723300934e-02 -4.051998257637023926e-02 -3.031052276492118835e-02 -1.923761516809463501e-02
-1.400174759328365326e-02 -8.183820173144340515e-03 4.870232194662094116e-02 -1.992324367165565491e-02 4.138603433966636658e-02
-6.894652545452117920e-02 -7.942271232604980469e-02 1.426670607179403305e-02 -3.637227788567543030e-02 3.689478710293769836e-02
1.385870855301618576e-02 -7.269548624753952026e-02 -5.657564103603363037e-02 3.879873082041740417e-02 4.906719550490379333e-03
-3.608487918972969055e-02 3.057624585926532745e-02 -3.156905993819236755e-02 -1.584464311599731445e-02 -6.877859681844711304e-02
2.281399443745613098e-02 -5.840974301099777222e-02 7.427211105823516846e-02 3.049449250102043152e-02 5.185039341449737549e-02
-9.059173613786697388e-02 -9.207304567098617554e-02 1.342782191932201385e-02 -7.218763977289199829e-02 5.749834701418876648e-03
2.777691930532455444e-02 3.318891860544681549e-03 9.160141460597515106e-03 -4.189185425639152527e-02 -2.832396514713764191e-02
-2.672651596367359161e-02 4.323186818510293961e-03 2.126096049323678017e-03 -1.280661299824714661e-02 -1.699647400528192520e-03
-4.503621533513069153e-02 -1.806476525962352753e-02 -6.063483282923698425e-02 -9.544105827808380127e-02 -5.739278346300125122e-02
2.321067266166210175e-02 8.922825008630752563e-02 7.295419462025165558e-03 -7.483623176813125610e-02 -6.829723715782165527e-03
7.882600277662277222e-02 5.328449606895446777e-02 -5.803416296839714050e-02 1.889900863170623779e-02 -4.981783032417297363e-02
8.135082200169563293e-03 2.244182303547859192e-02 4.931410774588584900e-02 4.923506826162338257e-02 9.244661778211593628e-02
7.765154540538787842e-02 -6.461265683174133301e-02 -5.429592728614807129e-02 6.903087347745895386e-02 -1.791735179722309113e-02
-7.206018082797527313e-03 1.840473338961601257e-02 -6.595653295516967773e-02 -6.075615808367729187e-02 4.923940822482109070e-02
-7.096850872039794922e-02 -6.519459933042526245e-02 -6.304056197404861450e-02 2.105586975812911987e-02 2.016959525644779205e-02
-1.537733711302280426e-02 -5.314369499683380127e-02 1.821387000381946564e-02 -2.603320404887199402e-02 -1.066094543784856796e-02
4.892201721668243408e-02 -5.738531425595283508e-02 -1.301583368331193924e-02 -1.360317226499319077e-02 -5.026680976152420044e-02
5.148006603121757507e-02 7.956239860504865646e-04 -3.050453402101993561e-02 2.245294675230979919e-02 -4.382187034934759140e-03
1.199052669107913971e-02 -1.200594976544380188e-01 -1.475253701210021973e-02 -2.141917496919631958e-02 6.427612900733947754e-02
5.046899616718292236e-02 -4.077540710568428040e-02 -1.019366085529327393e-01 -1.545252557843923569e-02 8.584201335906982422e-02
1.128399819135665894e-01 1.164165418595075607e-02 5.653930455446243286e-02 -3.620545938611030579e-02 1.130314618349075317e-01
6.219144165515899658e-02 -1.488051470369100571e-02 7.213187217712402344e-02 6.543497741222381592e-02 1.155987307429313660e-01
3.844270948320627213e-03 -7.340512424707412720e-02 1.036298573017120361e-01 1.320662051439285278e-01 7.392080128192901611e-02
1.636484451591968536e-02 3.532474488019943237e-02 -4.018811509013175964e-02 -3.297746926546096802e-02 -1.889242418110370636e-02 1.056791990995407104e-01 1.025003790855407715e-01 3.812432289123535156e-02 7.752298563718795776e-02 1.944698207080364227e-02 2.967387996613979340e-02 -3.804568573832511902e-02 -2.541779726743698120e-02 1.790132932364940643e-02 6.411106139421463013e-02 -3.830554336309432983e-02
