          16           8           5           5
   6.4055113911380163E-002  -4.4664323791414058E-002  -2.2742954339483628E-002  -9.3883691787842047E-002  -7.2951939220114420E-002
  -7.2700406983991051E-002  -4.7960237192420339E-002   8.3567401433098001E-002  -2.9670895133060315E-002  -8.1217665774944103E-002
   2.5368161323976818E-002   9.6099343263804343E-002  -5.7929610451552330E-002  -3.2118977560594342E-002   7.1070909042409605E-002
  -9.4789798938762687E-002  -3.7226991732679106E-002   8.0477851442025364E-002   4.2821548763322559E-002   9.3401902218110552E-002
  -4.9255750452642237E-002  -5.6503158199754343E-002   9.5893530595417428E-002  -6.6297910088429585E-002  -2.0832626103919335E-002
  -7.0654372590309350E-002   4.9289154254646313E-002   8.0110509856236592E-002   1.2434942396526713E-002   3.6294935289851900E-002
  -9.1745693793543012E-002   1.6504481084374582E-002  -3.0116509665550385E-002  -4.8241728726327641E-002   7.7267434924805450E-002
   7.4356143334684294E-002  -5.3333520328189471E-002   5.5471249430555777E-003  -3.6576495387666053E-002   7.0874626573738826E-004
  -7.2970594917887099E-002  -6.9273152253259571E-002   3.5586706655362503E-002  -9.4225922651352906E-002  -5.9290533196848079E-002
  -8.5531804347995594E-002   7.8145828378127641E-002  -6.8480987975323478E-003   5.8290713618491571E-002   6.6240691082940062E-002
   4.2259721880930336E-002  -6.6017931352602588E-002   6.1401354542400387E-002  -9.0975913876093398E-002   1.3036287517948351E-002
   6.9801007301659255E-004   9.0865849187406852E-002   2.7811994474011961E-002  -2.3995708591550091E-002   7.9244856501423211E-002
   3.8994489137470757E-002   3.0107849904608835E-002  -6.5853030462427811E-002 -0.10109835239683991       -3.2898751754247044E-002
   7.9220810521123355E-002   2.4133751699707159E-002  -2.7185491524130561E-002  -2.7949802319963902E-002   1.2227170057010045E-002
   1.8131123930750209E-003   6.0260273885874745E-002   4.8379305039369026E-002  -3.9562762574018437E-003  -2.4570151489802794E-002
   4.7428799577329102E-002  -6.2388214176609696E-002   9.8279832593941574E-002  -8.7137901032567511E-003  -9.4312457730808180E-002
  -7.4724176583790144E-002  -7.0168251881954205E-002  -4.8305411577934533E-002  -8.1790633863989937E-002  -4.8547658508418107E-002
  -8.6447838769932034E-002   8.5044870296881684E-003  -5.9606829239347028E-002  -2.2359309190958805E-002  -6.3203435233344114E-003
   5.8923057002055509E-002   5.1661290064254725E-002  -4.1416445605683257E-002  -2.3341054770919943E-003  -8.4315866086852709E-002
   2.0837278454434630E-002  -3.3939767848047635E-002   9.7287070083959190E-002   5.0760969303305647E-002   9.1010362020981395E-002
   7.6046649299855593E-002   7.2264662141983779E-002   5.5904867299557660E-002   3.7033549392887437E-002  -7.8081813630522440E-002
   3.1644428789727105E-002   3.3999466388342836E-002   6.4201760244157441E-002   4.2270745615746487E-003   9.0455430509109203E-002
   6.9468994194926291E-004   8.4289019034353721E-002   2.8395425708168529E-002   8.6709127115699183E-002  -3.2313084076420681E-002
   3.3805044966520252E-002   7.8923963676930300E-003   1.1258920494799743E-002  -2.6879418222266638E-002  -7.2329672992095209E-002
   8.4754365716147723E-002  -6.5786508396151175E-002  -4.5357831466983072E-002   3.8760481786238671E-002   4.5404494761687930E-003
   2.2544985866171603E-002  -1.4437543603256308E-002   2.9677069226902577E-002   6.5475022099080266E-002  -5.9474259111378491E-002
   7.1471985423456369E-002  -3.4995082418192276E-002   4.5787383937287623E-002   2.1803047196422679E-002   9.1070841642575812E-002
  -4.8925335741105309E-002  -8.1741949831955693E-002   1.8245382967680072E-002  -3.2421847313094912E-003  -4.0789266647471963E-002
   4.6998706520888431E-002  -6.6632078102382586E-002   8.8159247645386254E-002   1.2792599087604819E-002  -4.6574098636191101E-002
  -3.9013159874371477E-002 -0.10023899081467601       -5.4496580193302613E-002  -1.2082372066066785E-002   8.5179462492350727E-002
   8.9626868098989353E-003  -7.1968597278024585E-002  -1.2003417539575283E-002  -8.7592296098975800E-002   5.6546398560508429E-002
   7.4797593735296111E-002   6.0616990998595709E-002   7.2141028155187316E-003  -4.8243763189939073E-002  -1.4748531228844305E-002
   7.6454576764605695E-002   3.6047355335246299E-002   8.5661886400756698E-002   5.2546102100126169E-002   4.0068746288287868E-002
  -2.8253900410830340E-002  -1.3968961144315348E-002  -1.0902941519072003E-002  -4.2595753449111581E-002  -9.3305298056963734E-002
   6.7120356493388197E-002  -7.8099505558855711E-002   4.7460568123254155E-003  -1.8931162721769861E-002   3.2939072103338372E-002
   2.0554400709544018E-002  -7.2541959381534030E-002   2.1895842997198402E-003  -1.1100782831851431E-002  -2.8666533828767427E-003
   1.3101817949995938E-003  -5.3003310630922468E-003  -2.7210372029590018E-002  -4.0355653230499819E-002   3.7243340153633904E-002
  -6.1384654340249450E-002  -9.7006336041493224E-002   6.7652132357034045E-002  -8.2089460903768618E-002   8.4792159810225393E-002
   3.6571988606158075E-002   6.4824650202662884E-002   8.8666344080278459E-002  -8.7840753569653957E-002   7.3538682566250624E-002
  -7.7159659967683883E-002  -6.4917022795777310E-002   8.6668205846630764E-002   2.6145042879069547E-002   5.0489955923557622E-002
  -4.6242334071405600E-002   1.5274833949936542E-002  -6.4211500095267063E-002   1.0668179479728871E-002   9.1779184503734165E-002
  -8.0217060466039852E-002  -1.7500857038239448E-002  -1.1316600763712952E-002   4.8060831939942178E-002   8.2310323995053156E-002
   7.5092709116465987E-003  -3.9790562819348479E-002  -3.8595281153290431E-002  -2.9836774573342783E-002  -6.8524615296356547E-002
   5.6414646750537180E-002  -8.0212670440486120E-002   5.3209914575600793E-002   2.9802168503743266E-002  -5.0218035567117167E-002
   1.9323411661970439E-002  -6.0535798074956959E-002   8.1197211485211973E-002  -2.2213014428925613E-002  -9.3895599430711088E-002
  -7.2768405636083236E-002   4.0724963116741689E-002   1.7195502605118259E-002   1.1843051799062148E-002   2.9564968647079255E-002
   9.0196818182879029E-002   5.4154166680417587E-002   2.9679034707989639E-002  -2.6900630723214799E-002   5.3269803893505337E-002
   8.4619490796613475E-002  -9.2231584358530461E-002   2.2153877043815776E-002  -7.6421166717843617E-002   8.1163795485249990E-002
  -5.7267835969206975E-002  -9.4296339747485497E-002  -9.1920921578343542E-002  -7.7388060115031548E-002   3.4723879660205799E-002
   8.2868897504880107E-003  -8.6964809950614674E-002  -3.5407290441629041E-003  -4.2068896349036759E-002  -3.7279097884482915E-002
  -8.2022941220531928E-002   7.8119355295500570E-002  -6.8154627023883779E-002  -1.5660599779298377E-002  -5.7468362179897044E-002
  -3.6188192539575871E-002  -9.6739181787719217E-002  -5.1488501523457166E-002  -3.4495293528401305E-002  -3.2742270476015009E-002
   5.7918811729843575E-002   2.4825534800374038E-002  -1.7051508499189742E-002  -3.5134469685313363E-002   1.1429465967642292E-002
   4.8532212428431656E-002  -4.6205550725081125E-002   7.1900242039892967E-002  -4.3282393039906296E-002  -9.1959449833461784E-002
  -8.2401691172803576E-002   3.8381806595682008E-002  -2.2626626125066242E-002   1.6681533647653152E-002  -8.9556035119164698E-002
   7.1580429513200233E-002   6.6627993635521177E-003   5.8557150289437363E-003  -9.5808866584380037E-002   4.1472779345612339E-002
   1.2582570033803083E-002  -4.2632713508354000E-002  -2.5951052372079401E-002  -3.9853013571065805E-003  -2.7874917364629659E-002
  -1.7218729091675843E-002   4.1729134134471955E-002   6.4481093802438230E-002   4.8656003144295412E-002   1.5131308528454861E-002
  -3.2907559781426350E-002  -4.6184727600742354E-002   2.1972244565085945E-002   7.0220345682991597E-002  -5.1111320859326452E-002
   8.0759381509688907E-002  -7.8397162553993885E-002  -9.0177701949857469E-002   5.8091724017808953E-002  -4.3212647000260264E-002
  -1.3247910919312125E-002  -9.3990741220731006E-002  -5.2860005003488822E-002   6.4557085105898096E-002   5.1606369115695813E-002
  -5.6368270738185060E-002   4.4840967596107666E-002  -2.2899233233032622E-002   7.9507161509508428E-002  -8.1165238363397160E-002
   5.7840201399614918E-002   2.0336853364055746E-002  -7.0027699140857644E-002   8.6961450341930535E-002  -9.8375925846212103E-002
   1.0089375806768809E-002   8.8831678757210958E-002   1.4933640003234848E-002  -5.5043400049711574E-002  -2.2241924435239405E-003
  -5.7962533115441847E-002  -6.8442004820924052E-002   9.9200600511583317E-002   2.1880743607287138E-002   5.4475722650546288E-002
   2.9400740991373679E-002  -5.3847739254735294E-002   4.8680495044548529E-002  -9.3385552089940649E-002   2.9666444945116315E-002
   3.1356308169934829E-002  -6.8873963408070796E-002  -7.3344627760051854E-003   6.9631381691786565E-002  -8.9415771757661550E-002
   7.2121542833452665E-002  -7.0279363309614772E-004   5.7327025059500112E-003  -2.0576236079216135E-002  -5.3931660998442182E-002
   8.9101211197601726E-002   7.6778836926782709E-002  -3.9956765146383577E-002  -1.5545458182139718E-002   9.0067983654831082E-002
  -2.9251331572548715E-002  -4.6147140049382085E-003  -3.3377262432306438E-002  -7.7355546819381837E-002   4.3732158598097162E-002
   3.9730719598954294E-002   6.9870915571231998E-002  -5.3301318184931674E-002   4.4432302683039743E-002   6.4749843342399332E-002
  -4.7585222142080844E-002  -2.2444227653189052E-002   6.7819986329994419E-002  -8.5055496815530776E-002   1.0309980481772071E-004
   7.2820498673134768E-002   7.3535259105988432E-002  -4.2884243094910582E-002   9.1642148212228748E-003  -1.3055849891566797E-002
  -6.3450563041404381E-002   7.4951702381792551E-002  -8.1936203462646587E-002  -5.9424250885850252E-002  -6.5433048306253280E-002
   5.9101186921633582E-002   5.7156688654139094E-002   3.7321230277037633E-002  -3.8670431317941234E-002  -4.6456626569344170E-002
   3.7103811851559303E-002   1.6849279692815286E-002  -8.0215595741249798E-002   7.1835609118858459E-002   9.2040755215871004E-002
   3.6028616873662753E-002  -7.1741957341226598E-002   5.5747944867561912E-002   6.5438401329233203E-002   5.6279873850283149E-003
  -6.6448530662574792E-002   1.3691940660195467E-002  -2.5327820913653470E-002  -7.8395225654646711E-002   5.4333204876395223E-002
  -5.5198395203446528E-002  -3.9697978355907777E-002   4.2729957235728387E-002   3.5652433831680513E-002   5.7612137441131958E-002
  -2.7881578615147749E-002  -5.4636711199251835E-002  -2.9143509531466806E-002   2.0556769875399485E-002   9.7058123339268595E-002
  -1.4625993609213369E-002  -8.8625948681921404E-002  -4.4376548398593479E-002  -7.5723082579625678E-002   7.0592787306513610E-002
   1.4843551429458982E-002   4.0515871971143549E-002  -2.8947885265445733E-003  -2.1531849592011827E-003   5.3186220017514912E-002
   8.2593857507945317E-002   2.6746489016164589E-002   8.9463110477062069E-002  -2.7876285626719614E-002   6.5747423309581499E-002
   5.5879916830968565E-004  -4.3362514944718551E-003   8.3445418461446416E-002   8.4814518489216020E-002  -5.6801998703980582E-002
  -6.5463907267728355E-002   2.7187032775346721E-002  -1.9473879150822115E-002   6.0333802004287288E-003   6.3482943219608637E-002
  -2.3882918469909909E-002   1.2809459393300733E-002   9.1944759179618224E-002   7.9525952583606091E-002   5.2480688769725864E-002
  -7.4585830203944437E-002   8.6245657476654455E-002  -5.8349847126826233E-002   6.0813088758903400E-002   5.1088078481586585E-002
  -5.0113091738254942E-003  -2.0582633738826992E-002   5.1886594388143213E-002  -9.7959007143712723E-002  -7.1852482093778161E-002
   2.5135977287988201E-003  -9.8781168205554742E-002   4.3034573076462232E-002  -4.3946452066447685E-002  -8.5757230891641223E-002
  -4.1330096548355531E-002  -3.5944778670826752E-002   5.4967757817450627E-002  -9.1723813605173954E-002   8.9481233599707236E-002
  -8.4913161679460517E-002  -5.4492957611681582E-002   1.2479408519272440E-002  -9.2792860889993698E-003  -5.5709307773553776E-002
   6.9729529293755810E-002   1.5551072931375079E-002   4.9755732962730531E-002   5.1683206522102114E-002  -1.9246440347755276E-002
   6.0335124890174945E-002  -8.0901962744786324E-002  -6.3517266986102591E-002  -1.7356981078548800E-002  -7.2162979799425334E-002
   9.3996760523273507E-002  -9.9822537167958969E-002   4.9304741017181651E-002  -8.1191755482581326E-002   9.5812278635119458E-002
  -1.1332122478890743E-002   6.3946680382585205E-002   7.7208949887293543E-002   1.5839767180788892E-002   8.5560859774976628E-002
   8.0326683829306439E-002  -8.7126546270995434E-002  -5.9287086452305543E-002   9.2268848578071980E-002   1.1910492879135570E-002
  -5.6916827904153013E-002  -4.2476422457889636E-002   1.9964335431821807E-002  -6.8406029611343788E-002  -9.1554711982652442E-002
   2.6484847898252614E-002   7.2024777855082975E-002   2.5323594367800004E-002   5.9743993564001938E-002  -9.3084337494122121E-002
  -9.7474718885714254E-003   7.9153020213581199E-002  -7.4623703947144779E-002  -6.4034935932895456E-002   1.3277968460265999E-003
  -5.9110517527969884E-002  -8.7397220699076530E-002   9.7997404384735018E-002   4.3647466094167552E-002  -4.0047568498342387E-002
   2.4475234904495487E-002   7.5302044905389720E-002  -8.1572341618018906E-002  -2.5975296362855956E-002   8.8280473669366227E-002
  -7.6344979173743166E-002  -4.0708397906436426E-002   8.8573418362513853E-002   1.8497376003463552E-002  -8.1915408085580871E-002
   9.0800328651401571E-002 -0.10049515411235539        8.6247141169423835E-002  -1.7623021691314616E-002  -6.5222282828641537E-002
   6.0135187995179765E-002  -2.3033729514677231E-002  -6.2911311371918174E-002   6.5705180786499021E-002   1.3973652631574927E-002
  -3.8342643585898270E-002  -1.9663183667996818E-002 -0.10005203120974093       -7.5415696652018055E-002   5.8164117515713362E-002
  -7.2290942579822923E-002   4.3136198075182278E-002   8.8470633641006158E-002  -3.4979170690901555E-002  -3.8690791613370218E-002
  -2.2389374510321761E-002  -1.4777487906111759E-002   1.1949450995218240E-002   6.7507787415175255E-002   8.5321334493448434E-002
   5.6262654751822599E-002  -9.6582024599656154E-003  -9.9808719117934191E-003  -2.2441606965322696E-002  -2.3106166386691964E-002
  -8.2885912850354598E-002  -5.9543232529653101E-002  -2.2480280829012201E-002   6.8964939559127997E-002   7.1933722678371795E-002
  -1.5630774674142017E-002  -8.6171067409996319E-002  -6.3055014342429647E-002   3.7391269134972567E-003   8.4528823198091477E-002
  -1.8495746023538168E-002   2.0217817473573898E-002   9.4752089775682877E-002   9.1176763624504428E-002   2.8757771351109507E-002
  -2.5606787364112996E-002  -5.5815565994034158E-002   9.3300843591898580E-002  -8.7317439587377602E-002   1.3173635817418249E-002
   1.1672948000737175E-002  -4.6916356284159508E-003   2.9995242697489041E-002   5.5297348820039324E-002   3.0753360173401155E-002
   5.4242439661047775E-002   9.2423765780764666E-002  -7.9883362340090289E-002  -1.3816537442897760E-002  -6.8286684792917718E-002
   3.5352222191361443E-002   3.6625508372760907E-002  -5.6322414649531582E-002   4.6755144089702608E-003  -1.5832875440378185E-002
   8.8014628758493266E-002  -4.1376564508787982E-002   1.2093880808460671E-003   7.7553643145341786E-002  -4.3121933891869168E-003
   2.8455757919471415E-003  -9.8094257586922667E-002  -5.4840822867461211E-002   6.8571645915172591E-002   8.5591898778188472E-002
   1.6590077417559197E-002  -9.5889823668950686E-002   5.4710504195207475E-002   7.6716156919347259E-002   5.0056984092490160E-002
  -3.0252435934344176E-002  -9.7070047734495610E-002   1.0260718784889204E-002  -8.8568717247431844E-002  -8.4977372972700527E-002
  -4.3816912798984434E-002  -9.0403500266031903E-002   5.1572227823922637E-002   7.6278288829616611E-002  -6.2340590148518372E-002
   2.0493058246037209E-002  -7.5467779028206575E-002  -7.6813037085015620E-002  -8.4675108153593789E-002  -2.9950010786858324E-002
   6.7707162844283131E-004   9.2117904066105677E-002  -2.9833647950332037E-002  -3.9825635213619773E-002  -8.3617485976327482E-002
   6.7940178929951592E-002  -4.7955942814541129E-003   7.8220666204286429E-002   7.4559937054497941E-002  -5.4809996929992853E-002
  -4.0405646703700761E-002   7.4255376189967207E-002  -3.1849960634903883E-002   3.8164723878328186E-002   1.9435899279032307E-002
  -2.4000818310591344E-002   9.6636075231159663E-002  -9.4673581755103445E-002   7.1838068942525174E-002  -1.7268939272349793E-002
   5.8589442336549190E-002  -8.7093916704262642E-002  -3.8102061976220243E-002  -7.0165771559443826E-002   2.5855434589798276E-002
   1.9085525217126450E-004   8.3534103965830997E-002  -9.9763168482809486E-002   6.5124511294285287E-002   4.9356868632840327E-002
 -0.10016116902913386        1.4911045081363782E-002  -9.6748487227179339E-002  -9.1504929473912228E-002   9.0373328092229643E-002
   2.7391537320578273E-002  -6.0864969558012509E-002   1.9352249758206538E-002  -7.0815323578287515E-002   2.3951680890345068E-002
   2.7254148949074644E-002  -1.1556867758851319E-002   1.5170934588769714E-002  -4.0390672247702250E-002  -5.0226344270978190E-002
  -8.6096436277168370E-002  -1.3891355082084061E-002  -5.0871667912218553E-002  -8.8298562365360322E-002   1.3116471392044797E-002
   2.2204803053769141E-002   9.7082748038130287E-002   8.3824019702765123E-002  -9.1357303420783520E-002  -4.3998071811272833E-002
  -3.2671515142282503E-002   5.0323711826917000E-002   5.3826530522407844E-002  -2.3267078140128787E-002   6.2819775596043070E-002
  -5.8068056839272193E-002   3.0416851934551525E-002   1.9862186229500270E-002  -1.7316132302376223E-002  -8.5536709399475115E-003
   6.8767484347171948E-002   7.0426419745412638E-002  -5.3871247018140382E-002  -4.7735356212664594E-002  -2.7835598350730153E-002
  -6.3357985912222317E-002  -7.5494133161233226E-002   6.6576554520490910E-002  -9.7274474128820468E-002   6.1662379349068402E-002
   1.2990965401358802E-002  -5.4052707484653698E-003   5.7354278749759478E-002  -9.5557487671974584E-002   1.7558771740579768E-002
   6.0059389666535602E-002  -8.6093870032716166E-002  -7.8126448078958896E-002  -4.7020243314050969E-002   6.5300258404224529E-002
  -6.9458409589190806E-002   2.8532245903273051E-002   9.2800351861187486E-002  -1.0807545163901743E-002  -2.9660518346209416E-002
  -8.4629318876048590E-002   2.1367405466236555E-002   5.6717979525624150E-002  -2.4250818318654892E-003   8.4358254078517464E-002
   1.0862206884601480E-002   8.2206385292116824E-002  -4.2830318477107228E-002  -5.2964005036184010E-003   7.9843356425350620E-002
  -9.1161783125340776E-002  -7.1097111687203576E-002  -9.1457406515210744E-003  -8.5861891714788280E-002  -8.2983871189254474E-002
   3.6951726891012254E-002  -5.5259174312819390E-002  -1.3403940012719285E-002   5.0152939808177532E-002  -9.6410443652895333E-002
  -5.6639316548747591E-002  -9.0627998708008445E-002  -3.4146653128942432E-002  -7.6773017572385971E-002  -1.4409902071482353E-002
   1.1712907821946722E-002  -6.9390760053684608E-002   9.8246848027640447E-003  -1.6461572183952972E-002  -7.9260025586757127E-002
  -9.3297928077767933E-002   3.6400876827153948E-002  -5.3148645600038583E-002  -7.7412179435685916E-002   6.7093920458698650E-002
   2.0793418704334345E-002   5.4967168462041263E-002  -6.3709848674039893E-002  -9.2779146383025021E-002   6.6674590717274995E-002
   4.2719216940570064E-002   1.6179955323077155E-002  -5.4054199408494770E-002   5.9858720377168065E-002  -2.1953505044608256E-002
   4.8819257638513212E-002  -2.4412701651777068E-002  -9.0467669392121697E-002  -3.8094315072295664E-003  -3.0580777208368985E-002
  -6.0029251131150152E-002  -1.7225969507244691E-002   4.6636557670866358E-002  -3.5845068329661937E-002  -4.8081081174038427E-002
  -7.9491490552659177E-003  -8.5035047432911959E-002   4.1886215572351018E-002   5.7631946910780954E-002  -1.5979660417271783E-002
  -9.0122539835209473E-002   6.0318305402020525E-003   2.6776666170915645E-003  -4.5182784888330253E-002   1.8228777394907636E-002
   3.8342678862714190E-002   4.4815640193419173E-002   7.2133250850239500E-002  -4.6289407385439671E-002   2.5033325790346155E-002
   6.3230132184116730E-002   5.6072243478879780E-003   7.3849660306880768E-002   5.4939297089886784E-002   9.0163005572127142E-002
   1.4667955260116296E-002   8.9922401941580535E-002  -4.4857879739663369E-002   8.1222755332208380E-002  -1.4505185952059673E-002
   4.4811709860842201E-002  -4.0888183722894184E-002  -4.9529065242442404E-002  -7.5463814609434549E-002   3.1400255776770740E-002
   9.6187441452462760E-002   7.6819478437683997E-002   3.1651166211262557E-002  -3.3163969388060745E-002  -5.0796737984970669E-002
  -7.3606677330294329E-002  -4.3724396409186315E-002  -6.0673154107381701E-002   1.5374031270161143E-002  -9.2779199756640850E-003
   3.2879350322740503E-002  -3.8071012891290681E-002   4.2266954450769292E-002  -9.5164642071012870E-002  -8.9576718868226143E-002
  -6.6803933322043443E-002   4.7641613078853728E-002   1.4500737496251232E-002   1.5042953913512496E-002   3.3430069059044748E-002
   2.9750676421300925E-002  -6.4378033884291239E-002  -9.7167693640168543E-002  -6.6717135711722761E-002   1.7427469421201752E-002
   5.9787216330369826E-002   6.9739710138229966E-002   4.8781648760307800E-002   2.8961860928947727E-002  -2.6589178196618532E-002
  -9.0799414129628289E-002   6.0392142618322930E-002   3.7394766886008408E-002   2.6359842678496639E-002  -9.2955537637370075E-003
   2.7906423473713401E-002  -3.9484289512930395E-003   7.9932025478577570E-002   5.9344507275569731E-002  -4.7853995846097570E-002
   6.0246595809015902E-004  -7.8818810758255725E-002  -5.0068769049188382E-002   4.0953110048434126E-002   1.6791366858539228E-002
   2.4853401568852500E-002  -9.6880329739994026E-002   8.2177353662532551E-002   7.7267089875178413E-002   5.5339712338611076E-002
   7.5593345030067387E-003   7.7064784733365407E-002   3.2337798126583522E-002   7.5047177476539828E-002  -6.9484030068449124E-002
   8.2832513616169098E-002   2.4162433273074505E-002  -6.7260006303199060E-002   2.6877845935682175E-003  -8.6529978360662049E-002
  -2.0354808031505044E-002  -9.9606122405493727E-002  -5.9056547798837081E-002  -3.2840540166323585E-003  -5.6318736338436719E-003
  -2.5198247183452260E-002  -3.1092385435426695E-003  -7.5629253240938180E-002   7.2611031333048581E-003  -5.5040831403284932E-002
  -6.7967199433810854E-002   1.1824301364881584E-002   3.2216597497245550E-002   7.7755037909590943E-002  -4.8004360015566058E-002
   3.9867867522272289E-002   2.0428643684589635E-002   4.1139484360015355E-002   7.8338595937983688E-002   1.9694582240321709E-002
   7.8454094583043921E-002   7.4440937039797733E-002   6.8966853769375391E-002   6.7916729379746715E-002   8.8389221599419851E-002
  -3.3044410112766176E-003  -9.7529753373687567E-003   7.6560737544415045E-002  -8.9138215850881317E-002  -8.8304660813003186E-002
  -4.1247670863439667E-002   3.7556530691934979E-002  -7.5685330173594662E-002  -7.5476536855828266E-002  -7.6761196748283231E-002
  -4.6087063602150126E-002   2.5657571880091375E-002   6.3615446012755109E-002   2.9252809091761794E-002  -3.3573912535889885E-002
   2.5957091392885514E-002  -8.2346072373989873E-003   3.4504074729184583E-002  -8.1362826379532030E-002   8.6768167426027762E-002
   2.8793453657793872E-002  -4.3632757240701044E-002  -5.4449637393905294E-003  -3.2629482217754600E-002   2.4569254886178962E-002
   3.2283496522499393E-002   5.0752767679260059E-003  -9.9984285746233151E-002   4.9583621513903615E-002  -3.2018428750736861E-003
  -1.1359522258005886E-002  -2.6686060967715901E-002   1.3271332687425034E-003  -6.4514712806283334E-002  -7.4143292338987907E-002
   1.3350498315024481E-003   4.9234288315063704E-004  -4.7466724739758666E-002   3.0243933730986754E-002   5.4876338910150806E-002
  -7.3553992073826624E-002  -6.4307237310840260E-002   7.3715931123855175E-002  -5.4659749819947659E-002  -4.9644212608716057E-003
  -5.2799098961918804E-002  -5.9128171243598470E-004  -3.2567539434640365E-002  -8.0106667406699708E-002  -9.4567791968662926E-002
   5.6406873967736346E-002   2.9567445886961405E-002  -1.5878776960171529E-003  -1.4820124378114726E-002   9.6407407433497336E-002
  -4.7573199354848744E-002   2.5757417833092669E-002   5.6615371104195775E-002  -8.0984904117391621E-002   4.8512060802232165E-002
  -4.8776179357141999E-002   5.2410835930033775E-002  -9.5225496146657089E-003   7.7746808819133539E-002   4.5563978289470210E-002
  -9.2141976080161211E-002   7.5699692900570548E-002  -8.3672373817985674E-002   3.8669625073004907E-002   1.6890337018032820E-002
  -9.8171180753256440E-002  -7.9674420641150812E-003  -6.6362705825846580E-002   6.1455232358561693E-002   1.3015675245220839E-002
  -1.6794143521287528E-002   3.4891859334015966E-003   2.0510069977544756E-002  -2.8536955240584846E-002   5.7886131905056613E-002
   2.3949971188404442E-002  -2.9411763762088931E-002  -9.3410180284586655E-002   5.3567228485266086E-002  -4.5711475703219866E-002
   1.1635615229987980E-002  -7.9672301203026263E-002   4.3333604378929707E-003   1.4377342796416961E-002  -4.5193722451300981E-002
  -7.7820676985132411E-002  -4.7125418569208648E-002  -1.0869371493295770E-002  -4.9438813694383452E-002   4.5943235957155035E-002
  -6.7974946324721036E-003  -8.0995088192735792E-002   2.3313443748103159E-002   2.8891463406071162E-002  -4.2883921216918884E-002
   6.4331249406337679E-002  -5.3058490611483225E-002   7.0260318115662780E-003  -9.8718096531674834E-002  -1.8970736913056625E-002
   1.1197178355232571E-002  -5.3013117344476557E-002  -4.0303443576581242E-002   9.4472905864980014E-002   3.8160541972780293E-002
  -8.1121075486880231E-002  -4.2918302220093976E-002  -9.1960189083673094E-002   6.3165588806644954E-002  -1.9909087048044210E-002
  -8.7552191258020468E-002  -8.1954811614776732E-002  -4.9441039275154149E-002   2.5596212499912974E-003  -6.6398499872896671E-002
  -4.5623318440826073E-002   3.5430210616343917E-002  -1.4537764618279894E-002  -6.8914165953640097E-002  -5.8510269613446193E-002
   2.8576274475428619E-002  -9.9766567933192205E-002  -6.3137596280994862E-004   6.2183484009983338E-002   5.1447131011362127E-002
  -7.9227516681551466E-002   2.1476059953137304E-002  -4.9315630083737703E-002  -7.4178496378596318E-002   4.1543740165133396E-002
  -4.2306216216050602E-002   4.9275337389917545E-002   1.3320432633637908E-002   4.8926584114910514E-002  -8.6729721903231444E-002
   8.3967475695987059E-002   2.1971626676246407E-002   5.2724163258533484E-002   6.0867818558075701E-002  -5.0987604986913147E-002
   7.2044960422597865E-002  -8.7511602329686911E-002   7.7462747851156366E-002  -2.5607079556788700E-002  -5.2633085988016193E-002
  -8.3923065294278745E-002   4.9813955737173982E-002  -1.2612262764571044E-002  -2.2057932724928040E-002  -5.2319071078115044E-002
  -6.9627296602419897E-002   3.5379411164464782E-002   4.0511739843024419E-002  -3.4996121934302134E-002   1.0904849121352202E-002
  -3.2875632704023251E-002  -8.1998402528692897E-003  -8.5344682039898034E-002   5.0158165761754990E-002   6.9408914512844838E-002
   2.2215161543337275E-002   7.5078804029114432E-002  -6.8404821965504015E-002  -7.3526932576590556E-002   8.9512957138765711E-002
   1.8452812153635142E-002   8.2116533839291045E-002   2.9428369434332410E-002   5.4043443101039736E-002   7.4638635954282356E-002
  -1.5659351544423186E-002  -3.5267697061872674E-002   1.9201172533557249E-003  -7.1883194058051242E-002  -7.8711549549496107E-002
   9.5107813969651511E-002  -4.6966783909018588E-002  -7.4061208687465463E-002   3.7051648477818236E-002  -7.2448136772843064E-002
   5.5525246286478432E-002  -3.5672091945041554E-003  -1.6647494747819087E-002  -5.1491282604818472E-002  -9.8543866192017326E-002
   2.6870237797149414E-002   4.9121217748409447E-002   7.4757453118691891E-002   6.4710314210809028E-002   3.6548345917701348E-002
  -4.8215654198146801E-002  -9.9737975773508999E-002  -3.3240171296577574E-002   3.5281634610471492E-002  -7.9365315672337858E-002
  -8.8537826235267181E-002  -7.8258481812912437E-002  -7.7663134078905099E-002   2.8456969704860884E-002  -4.3636381551578639E-002
   6.1009209713467523E-002  -3.6946111614733185E-002  -6.7738428737105463E-002   1.7153143909630415E-002  -2.7954629710506490E-003
   5.4535921306184808E-002   9.1922059991662239E-002  -2.5784148737911253E-002  -7.6065157996037469E-002   4.1670444804565901E-002
  -4.9602001574172174E-004  -1.2568730722667657E-002   3.7909927792182441E-002   9.6524033236577128E-002  -5.3042821989405095E-003
   8.8293244330984413E-002   4.3081443227984163E-002   1.9788302828532011E-002   7.9076349111350999E-004   3.3292860895306024E-002
  -9.9666476208253113E-002  -3.3403511256370436E-002   4.6622164756167407E-002  -8.5019903824552309E-002   2.9270358430289821E-002
   3.0146389026259213E-002  -9.5249496078366080E-002   5.6066376645734377E-002   9.2524575755429175E-002   3.7410194540048354E-002
  -9.8117179012567321E-002  -3.0390239350648669E-002  -8.5332359910995512E-002  -3.5465910154304975E-002   6.2172152318000374E-003
  -6.3273561705913889E-002  -8.9713577685772081E-002  -9.1953799492348900E-002   5.2940613883163540E-002  -9.7380262917978896E-002
  -2.1877353898768805E-002   9.4699105634809336E-002  -3.3258154908220633E-003   4.9962521651279561E-002  -4.5808153349557082E-002
  -3.3614507933578439E-002  -6.7643534584160531E-002   3.8855331677087129E-002  -4.2103763087272948E-002   5.7568542612953438E-002
   5.8697409151159285E-002  -8.6394158563608478E-002   8.7334177090184442E-002  -2.8426640585009107E-002   8.7063154626149282E-003
   6.7335525182920061E-002  -4.4441814101130239E-002  -1.3062686299008788E-003   9.1880278655450842E-002   8.3636114465096261E-003
  -9.1670233817514726E-002   7.5172301288240762E-002   6.9659424944852708E-002   8.4130845765573156E-002  -9.9956806951886204E-002
  -5.7902237235942608E-002   3.3259083998485171E-002   9.7542255015718324E-002   5.4167668149181981E-002  -4.1285703872211130E-002
  -1.2751280673969365E-002  -4.6393535786990060E-003   4.8651649980842593E-002   5.1031738913448414E-002   7.2147168970048747E-002
  -3.2379917433728291E-002   7.2690838158456061E-002  -3.6777332714954682E-002  -9.1978951352826202E-002  -7.4607815039624700E-002
   3.3624459427026715E-003   5.0981393361700315E-002  -2.1513948690825010E-002   4.4133518376334037E-002   4.2116466407487486E-002
   3.4217447072258607E-002   8.7954260614614265E-003   5.1974032879284177E-002   8.1764345899422858E-002   9.0326948402840888E-004
  -5.0194573338374265E-002  -3.5752907270400036E-002  -4.6707306358687035E-002  -6.7552118015726623E-002  -8.4778397832937724E-002
  -3.5612312402799787E-002  -8.4280410410327994E-002  -9.4231945847028070E-002   5.9982580455111678E-002   9.4642604885405546E-002
  -3.1386776839482607E-002   7.9196895708038714E-002  -4.8346621832637660E-002  -2.5357486610533986E-002   5.5705973327642246E-002
  -8.4796595852453194E-002   4.7015194500200641E-002   5.7874650489421954E-002  -8.9698331877426665E-002  -1.4788389394095392E-002
   1.0307761178086142E-002   5.4554342972232397E-002  -6.7562087471965807E-002  -6.1742433932840748E-002  -3.0124678177809151E-002
  -7.6267458297980650E-002  -4.7201979444758532E-003   2.2971463686493925E-002   5.6106651727717845E-002  -4.6251605983514743E-002
   5.9003929804041150E-002  -2.5708776428421658E-002   5.3569048461527089E-004  -2.8101331677658086E-002   9.1340216702024316E-002
  -6.1029405130174554E-002   6.9430611047204230E-002   2.8316754077764676E-002  -5.0843290376850564E-002   7.3684143067188318E-002
  -3.4645889412800508E-002  -6.0865995195460508E-002  -7.6305109551904254E-002  -1.0757368400528976E-002   7.8585912199798505E-002
   5.6716751315623662E-002   7.3381006619497285E-002   4.3333834360640699E-002   5.4714662925800940E-002   1.7271048485283380E-002
  -5.2003527672555366E-002   1.9363915890516361E-002   2.5681390267341783E-002   3.1995998791699926E-002   4.2427294728387473E-002
   5.9805731252191997E-002   6.3291109964623074E-002   1.7829541392997004E-002  -9.9582523859882879E-002   5.4457274011533177E-002
  -1.0350663854234403E-002  -1.4154625828387996E-002  -9.7889034924827478E-002   7.6161796585628064E-002   4.6709748143866428E-002
   3.7618176309423233E-002   2.5780698583161912E-002   9.6521930717301495E-003   8.0663609894841989E-002   7.6924842298842860E-002
  -5.7462150431830471E-002   2.5444417678738961E-002   9.3155896067136201E-002   1.8532358068846014E-002   1.0031672564030383E-002
   4.4670081961790495E-002   8.6213235593682491E-002  -9.2931289032245692E-002  -9.1479050650319485E-002  -2.5359234353431820E-002
  -5.6804483577743856E-002  -3.9810121185884478E-002  -3.4626990305575284E-002  -7.3268343042438323E-003  -7.6782335779178021E-002
   2.4637946170187532E-002  -5.7756875619342382E-002  -8.1336809105469240E-002  -4.4867955153762691E-002  -7.3139651403951275E-002
   3.3587332537953353E-002  -1.3566923772978547E-002   8.5041803363949869E-002   2.8886424697351192E-002  -2.8315434590708063E-002
  -9.3285289264071244E-002   8.6930852045423168E-002   9.0767657926203643E-002  -5.5235686892141957E-002  -7.6373153728790957E-002
   1.6079106596015968E-002   2.2197806554401112E-002  -8.8591680060514669E-002  -3.2086461682272131E-002  -1.1547138738385804E-002
   9.2406180841911635E-003   2.9658153787330003E-002   4.5996330245492635E-002  -8.0675888276035987E-002   5.3632134548196450E-003
  -5.2031784718023465E-003   4.7944171155240377E-002  -9.5864679763660060E-002   6.9272855848802217E-002  -5.8044562411678984E-002
  -1.2382503113005851E-002   7.6894605541120986E-002  -9.7789219495403576E-002   3.7057051143392305E-003   4.9735237781460578E-002
   1.3648949686781927E-002   3.8389194602693848E-002  -2.5388689163680273E-002  -4.6912823685132186E-002  -2.1489270382143780E-002
   8.5737439170573790E-002   7.4262731974144514E-002  -1.3573028051914935E-002  -9.4627026341758735E-002   2.3272575454792587E-003
  -2.1272079004522670E-002  -9.0453642280718616E-002   2.7233535471169572E-002   7.1559383577720140E-002   2.5428569916992744E-002
  -8.3636928936790561E-002   1.5733141988569611E-002  -1.6052996590643992E-002  -4.3377130993618992E-002  -3.1883893016686794E-002
  -4.0135589961541276E-002   5.2490888174632688E-003   5.3612738679973265E-002   4.2027993235011427E-002  -6.5206968928858078E-002
  -2.1463709606768761E-002  -4.7782149853381105E-002   6.9318819993190145E-002  -3.2977340865154907E-002   1.5607465281616191E-002
   7.6030748534874071E-002   9.1001122754286300E-003   1.7309953899231401E-002   7.8743580070176705E-002  -1.9766890474095172E-002
  -6.4311119276107664E-002  -5.6326838159862953E-002  -3.7676179919377675E-002   9.3896391303414303E-002  -3.6181708141434905E-002
  -3.4586123428016882E-002   9.0607007423782832E-002   1.4261067253221230E-003   3.0118590330470669E-002   7.7870110108696336E-002
  -4.6056390500007385E-002   6.8032345631094074E-002   5.8653025136299101E-002  -8.8995345776451365E-002 -0.10057123179952918     
   1.2390070511160945E-002   2.4525616841893152E-002  -6.0468975833166609E-005   6.5285848005293995E-002   4.8397176345431434E-002
  -9.8225431697520019E-003  -4.3239822005211342E-002  -7.7965206065297540E-002   6.3013971564085058E-002  -6.8204342929492873E-002
  -1.0581692254259104E-002  -3.2724426264219432E-002   6.2996037443242031E-002  -6.5890458958555401E-002  -5.4651412003205002E-002
  -3.7434992229498011E-002  -3.6028499255983490E-002  -1.1192140011044712E-002  -1.1072425909568575E-003  -7.1114616830622160E-002
  -1.4611948675634244E-003  -1.5271782924727896E-002  -3.5830785097643036E-002   6.1278246447666752E-002  -7.9169647119263220E-002
  -4.1265816604487013E-002  -9.0924878812198406E-002  -1.8012062414961769E-002   3.0679359260920437E-003   2.1147754816835695E-003
   6.9177618566836727E-002   8.7188496602743484E-002   6.2848064749819202E-002  -6.7596709479781386E-002  -5.9055680154702861E-002
  -1.6671103879827096E-002  -4.8598846879221162E-002   3.6394365850595058E-002  -9.3356675084433252E-002  -3.5808617349246133E-002
  -8.4242737137510931E-002   3.3605199974045584E-003  -3.7424490132899897E-002  -1.7524288042451198E-002   7.2665815215699064E-002
  -1.8886645049499651E-002  -5.7007797864508623E-002   7.9028479200664692E-002   1.4625243670806023E-002   3.1325674326582544E-002
  -1.3974145393384825E-002   2.0729109602459772E-002   8.7453210569869405E-002  -1.9714192193772632E-002   2.8138703430239709E-002
   7.2358949426853708E-004  -8.1534567402018698E-002  -6.4799177725573837E-002   7.3580367695584376E-002  -8.5812802466011848E-002
   1.0965477109967092E-002   8.6451704088591680E-002   8.4902876457962337E-002   1.3902750208011363E-003  -8.0546176758457128E-002
  -1.7102727252221870E-002   3.2489695581560708E-002  -8.0528671974112023E-002   5.2750122290234538E-003  -3.4686693290901897E-002
  -9.2975638678582800E-002   9.3695793157268059E-002  -8.4662818647116944E-002  -9.9922144522289313E-002   4.2758265243240223E-002
  -8.5939002716773710E-002  -9.4390894237183706E-002  -6.1801307806980198E-002  -1.1015742126141207E-002   7.2763689828721001E-002
   1.9032744540431901E-002  -6.1783000608571691E-002   5.5132015078965604E-002   7.7960496479406657E-002   7.2969193565443083E-002
  -5.8043231240824389E-002  -4.2726187879190344E-002   7.5093512119373720E-002  -4.5162518720057644E-002   1.1791143152002380E-002
  -8.7275848979869439E-002   4.4455361257654084E-002   1.2128790373132593E-002  -6.3751485903918645E-002  -5.0297640363778866E-002
   1.3620666526248309E-002   5.0321684306002486E-002   4.5361784862076537E-002  -7.5143940871496756E-002  -7.0147376141006065E-002
   1.9286181774571694E-002  -8.6720528641858214E-003   4.5910243962692485E-002   8.6663472469601613E-002   8.8667287467764797E-002
  -6.0664295790593438E-002   8.1546904403389339E-002  -6.3368128445747518E-002   6.5997748395350511E-002   2.5165955004026085E-002
   8.6982109628634414E-003  -3.0731506543760452E-002  -1.2210361575444964E-002  -4.9445507367274662E-002   2.3374673636030432E-002
  -1.6409785857814060E-003  -6.4911207891501385E-002   6.0972045542082014E-002  -3.3924637804531907E-002  -9.6717202345031436E-002
  -5.3336832903876703E-002  -6.6909041563251101E-002   1.0953070026563838E-003  -9.0750823288598584E-002   6.4440074500834152E-002
   9.0866919628493550E-003   9.1991046556576084E-002  -9.9531865193874608E-002   8.1931975797757767E-002   7.1505139553870195E-002
   1.9732593600070607E-002   2.1969333173289710E-002  -2.6487242275629194E-002   2.9867648594475233E-002  -5.2106873271923752E-002
  -2.2522487216108274E-002   7.7615879451127037E-002   8.4041808983349606E-002   1.1398700530488316E-002  -9.0357029812316775E-002
  -2.7338050011414400E-002  -7.7877181697678682E-002   5.6116562377785083E-002  -1.4401472509153425E-002  -7.7137801394120659E-002
  -7.0486652679817774E-004   5.6098794366659009E-002   5.5944364065498235E-002   6.4348580791451851E-002   3.8076786954548865E-003
  -7.0954993266218860E-002  -7.6387793092250827E-002   7.3971042479119925E-002   4.0148176654840849E-002   5.3024681840788492E-002
   3.0162103658737019E-002   7.6063204999030590E-002   4.3827171704960512E-002  -1.3995416728778420E-002   3.4034016927108478E-003
  -5.6330000797069200E-002   2.2200380915832943E-002  -2.1267937854024713E-002  -5.0739997628152456E-002   4.4503866397023074E-003
  -1.4185713772351137E-002   7.0385204713450333E-002  -1.8750457079339939E-002   7.2387941875737563E-002  -6.9466340035017241E-002
  -7.1810124788573571E-002   7.1799725765276948E-002   8.4949837916637058E-002   1.4359539312073160E-002  -3.6208463294357825E-003
   2.5272078516558147E-002  -2.3996681791746584E-002   8.3242358304440503E-002   4.7137173736894342E-002  -1.0396799533779829E-002
   2.5039533608201433E-002  -2.6572812707671752E-002   6.6252210127792449E-002  -4.2561664391621248E-002  -4.6867791914642791E-002
   7.2634521060585142E-002  -8.2399509374515692E-002   1.9767197831412182E-002   1.4921761960610411E-002  -5.9079665274761460E-002
  -5.4563645611103856E-002  -2.1130998848023014E-002   3.1735499996370584E-002   4.8670667438189229E-002  -8.5167522746758192E-002
  -2.3238912010255269E-002   2.4631012500225469E-002  -9.3917737428174469E-002   3.4129537594680730E-002  -5.4336341729431338E-002
  -2.5561075612593608E-003   6.6653668579043590E-002  -8.0290188526592213E-002  -4.1412886714000383E-002  -2.2056974467607463E-002
   5.7458065145621809E-002   9.6071108310550088E-002  -2.7631940843741012E-002  -9.7600168281177943E-002  -9.3640155992561966E-002
   6.9224704189411693E-002  -1.6127189861377376E-002  -3.0966044515678175E-002   5.2749758815261498E-002   7.8122087636290513E-002
  -8.9902566218659816E-002  -4.8499134144328118E-002  -4.6417949208390014E-002   3.9590485367933421E-002   8.5388472861677306E-002
   7.2814148749568014E-003  -1.2626420974144244E-002   7.0430993370588252E-002   5.8028434579635413E-002  -9.2685725437585242E-002
   1.4955972670241274E-002   7.9958175618897055E-003  -4.4459015508865607E-002   5.6053811582643172E-002  -7.9100283682979750E-003
   4.8095382769139600E-003  -2.5031362793900658E-002  -7.5370432278321339E-002   3.6898279651039569E-002  -9.1786220053194034E-002
   4.9553908316172471E-002  -3.5844894588776613E-002   9.1901014228697342E-002  -5.2346328354523436E-002  -4.1866967465638324E-002
   7.7917725976297897E-002   3.7732793868021669E-002  -2.3986606730297479E-002  -9.1966315986937011E-002  -1.2910362068706594E-002
   8.9515906857319562E-003   5.6368012255379879E-002  -6.6388674236910916E-002   2.4956301197331068E-002   2.4570530759511707E-002
  -6.2104774275493289E-002  -2.5616950730061316E-002  -9.0846866134529566E-002  -6.3183912646618129E-002   7.6667688979340815E-002
   4.9453350309515240E-002   6.2818179869881391E-002   6.7645067255016650E-002   2.5438438119691066E-003  -6.4666387011523357E-002
   5.9113937271807662E-003   1.1414634293565347E-002   6.7482823131409506E-002   8.2488496345698131E-002  -2.5660593773951038E-002
   1.6436837684603103E-002  -7.6933910402722822E-002   6.4604285515314067E-002   2.0943408648883020E-002  -8.2630179976078147E-002
   9.4987702368422768E-003   9.1885372825199207E-002  -9.6801782447169336E-003  -4.4400929812698796E-002   9.3380587448191332E-002
   2.9993074699091311E-002  -7.2903762648544729E-002  -7.0643232787771237E-002  -6.0482351218765419E-002  -7.2215546993956381E-002
   1.5221677444938719E-002   6.3372342991249914E-002   9.4816844871295533E-002  -8.6082960331410677E-002   4.3631367796330943E-002
  -3.6425472917596811E-002  -4.3781879401634242E-002  -5.2663645610436641E-002  -1.8840881812656064E-002  -9.2937468395432488E-002
  -9.1005171458222275E-002   5.1379022889233565E-002  -4.8855645826793748E-002   6.8234940650130749E-002  -3.0456361274405475E-002
  -3.1478830984351593E-002  -8.7677089320554222E-002  -5.5208504568534118E-003  -4.5956892749599222E-002   6.1283716423212828E-002
   7.8315014374795766E-002   4.8269946069488236E-002  -3.5532745448581572E-002  -3.4609701922822575E-002   8.8066724452970174E-002
   2.5253023135112702E-002   7.4908981807800465E-002   9.0682056678102627E-002   9.2071146980275825E-002  -3.4041740356422198E-002
  -4.0745843611398706E-002   7.9457002496880983E-003  -7.0591349329796799E-002  -7.2764261880749026E-002  -3.9454181738119383E-002
   7.3526659205418760E-002   3.0332646505514857E-002  -2.6624608411220642E-002  -5.8140570719334581E-002   8.1651724689943958E-002
  -5.4441587261856141E-002  -3.4284694676709566E-003   5.0576781955066166E-002  -1.0214890540784657E-002  -8.3358349416294247E-002
  -5.8441172837042768E-002   4.1026929474038860E-003  -7.2951615546622745E-002  -9.4158582591270149E-002  -5.3251187898434790E-002
   8.6446217760056399E-002  -2.8227740785171866E-002  -6.9133378887608565E-002   4.1435299996787134E-002  -3.3711511444107195E-002
  -8.4885128811496194E-002   5.0827281989529217E-002   7.9956845436348095E-002  -7.1462731967190454E-002   1.8562717276078344E-002
   4.7443292741065630E-002  -6.4687213667196250E-002  -1.1233713037444118E-002  -9.6527493531250425E-002   9.7456500048976685E-002
  -3.7942423883604297E-002  -3.4369478285470378E-002  -5.6125850203940161E-002  -6.3621752271109944E-002  -6.3868352344627080E-002
  -2.6443196276296835E-002   1.8448840526726757E-002  -4.3385927639341404E-002  -2.7832035330844482E-002  -7.1556700947509627E-002
   7.8592851036181181E-003  -7.2040492665211000E-003   8.0633985395675484E-002  -3.8976587896530725E-002  -9.0351373465382290E-003
   5.0969315110682263E-002   3.4836907888710751E-002  -6.1180959891711474E-003  -2.5983992741429679E-002  -2.7760268014520629E-002
  -3.4314918832125708E-002  -1.3625956517764663E-002   1.2940063485579108E-002   1.1154310056977486E-002  -8.0339758238923586E-002
   6.7568730862439627E-002   7.9714869680331743E-002   8.7066604360334799E-003   5.2863697448998208E-002  -2.3217228005413585E-003
  -5.1336502584685577E-002  -8.1244482865519801E-002   3.1357391765987848E-002  -6.2457779237287410E-002  -8.4841349529565124E-002
  -9.4790210431104166E-002   6.8442798092676213E-002  -3.0693941506616286E-002  -2.7205856886827310E-002  -7.8677836429515202E-002
   2.2946946617846870E-002  -8.1967862836410776E-002   3.0070901793609509E-002   7.0888696335126247E-002   1.7811958336065616E-002
   7.1303079356372950E-002   9.8145937880233597E-002  -1.8175716301824074E-002  -8.0131809523688508E-002  -4.4545022951579839E-002
  -6.1860570625629609E-003   7.5728404228798729E-002  -7.0465997721921678E-002  -8.7642534649610804E-002  -1.1365822843879174E-002
   2.1952160283929344E-002   5.8804472993180132E-002   7.0738152228854365E-002  -9.7171042424664227E-003   8.1618718352037614E-002
   4.4658378441188112E-002  -4.0684760199409101E-002  -5.3753106757235679E-002  -7.6527775594058337E-002   6.5981115766381909E-002
  -9.5427068498617415E-002   5.6903972703497251E-002   7.3467682665821446E-002   7.0247140337105253E-003  -4.6849757544967854E-002
  -6.8638421064788060E-003   9.4298490150792225E-002  -4.7350583934546164E-002   1.4313642800901824E-002   3.5058806918667806E-002
   8.0750676879986799E-002   6.7841898502040046E-002  -7.2119828639800862E-002   8.8288970705414652E-002  -3.7317778829754900E-002
   1.4852160259251974E-002   5.1568619998969965E-002   2.9926936513324748E-003  -1.9025758960682707E-003   1.7122880655873193E-002
  -9.6219566197721651E-002  -2.5665735456121989E-002   4.3051092739305297E-002  -7.8361249023528090E-002   5.8938449170977000E-002
  -3.9258667743389403E-002  -9.6340929859935476E-002  -1.8488047899721194E-002   8.7207437175691349E-002  -7.6946930189174909E-002
   4.4629026986344397E-002  -9.1485090966739208E-002   6.4403680350792643E-003  -4.4261348081253721E-003  -3.4497096419354584E-002
  -5.0323748162644476E-002   2.3866682396233484E-002   7.8469527228138117E-002  -2.5397316864937430E-002  -4.6432247588635754E-002
 -0.10006489320948790        4.9101335374972931E-002  -7.7611369458196272E-002   1.3305822545270983E-003   1.8629749726136346E-002
   5.6466605922364792E-002  -7.4824859186401541E-002  -6.5274958927916515E-002  -7.0801673411452382E-002   8.7842074314709626E-002
  -6.7758882333175896E-002   7.3201031095619623E-002   2.7822193824997742E-002   4.8452509092167188E-002  -1.0791345005073392E-002
   4.4839663576237664E-002   8.9673278928284764E-002   3.8719624493120698E-002  -8.1238194019320267E-002   1.9309370729458392E-002
   2.9508826495912056E-002   7.5829625648354909E-002   5.6583527039503340E-003  -2.8501150473658053E-002   4.5675925202893292E-002
  -8.4200958128652414E-002  -2.3072547730316431E-002  -1.5397157820994040E-002   3.3579188544158541E-002   4.9027540627137531E-002
  -5.9019645329617593E-002  -9.4615578715616877E-002  -2.2759057217987808E-002  -1.9079910779676978E-002   9.1180108618239039E-002
   4.5238430929626462E-002   5.4434472746193993E-002   6.8843001598399123E-002  -2.6769935241931359E-002   8.7242027651441484E-002
  -3.8222204041856639E-002  -9.4094875503029932E-002   7.7551335727285925E-002   1.4941054369169419E-002   9.4890775399972843E-002
  -5.3440159056156053E-002  -7.4775763774038925E-002  -2.2474938075461103E-004  -6.9933477050336701E-002  -8.8376512726879769E-002
  -1.0184413044743665E-002  -5.1302795069891376E-002   1.9532023838609660E-002   4.8569277447640625E-003   3.8081233179362191E-002
   1.6685707875634401E-003   2.8283287645868183E-002   2.8770538300712207E-002  -9.9771717321932435E-002   2.6886910908939160E-002
   8.2252743703507842E-003   9.1812063625272458E-002   2.5417925076951852E-002  -1.8475117647367818E-002  -7.5380962072237767E-002
   6.8203665579195064E-002   7.7684709381241617E-004   9.4659227680385580E-002  -1.5498675488717282E-002   6.2187052112180265E-002
  -9.2269977137756087E-002  -4.3993207306661189E-002  -7.2014379111603979E-002  -7.3470333420805556E-002   7.7209124065807364E-002
   4.7970243946086816E-002   9.7112848818734901E-002   3.3415950673330273E-002   2.3259969688667378E-002   1.1527286481341796E-002
  -7.4732441139662625E-002  -8.6732603171517583E-002  -8.4983135740571189E-002   3.6301697772582645E-002   8.0657188296201610E-002
   9.7473838508554303E-002  -2.5246242315776136E-002   8.4376546418460652E-002  -2.8900226840252743E-002   3.5559041282466793E-002
  -3.0873454073887630E-002  -4.1891085567777292E-002   7.4158203741338385E-002  -6.8248466761575768E-002  -4.4147443865571803E-002
  -4.8944962989477307E-002   1.1874868645055663E-003   6.2120283740844405E-002  -2.1722449124101928E-002   9.9103960637275071E-002
  -6.5222172896200548E-004   9.3316376225385689E-002  -9.8016748775442003E-002   8.9998389896640135E-002  -4.8334884197656712E-002
   2.7778379121292638E-002  -6.2795113468095645E-002  -7.3493364853808056E-003   1.5135204549740520E-002  -8.4329495690968342E-002
  -6.5520218335206354E-002  -2.5627980138141420E-002   3.4254693472556101E-002  -1.0923060840953527E-002  -5.5402686020344594E-002
  -7.5812308308177173E-002  -5.4483908358595290E-002  -9.3824325919270327E-002   5.3799781825599649E-002  -7.2422750220756851E-002
   2.3140262581742795E-002   7.8371478888862117E-002   2.4861868482623579E-002  -1.2021329644469376E-002  -4.3916982060616512E-002
   5.0199457901869790E-002  -3.9986120823431823E-002   9.2612687454398143E-002  -1.7620782897552305E-002  -2.0972652437706758E-002
   6.0754070825246101E-002   4.3384812608043923E-002   1.1828438910781577E-002   3.9970097199531977E-002  -6.6633908553615256E-002
   6.1052903066425003E-002   1.5510383338442587E-003  -9.3970696673567805E-002  -1.2409990730779821E-002  -2.3753348263390896E-002
  -8.8847141220739112E-002   4.8217506301422748E-002  -3.6837349611497705E-002  -9.0549456045128318E-002   1.1621413356068640E-002
   5.7508762387577080E-002   1.1621272947141865E-002   3.7327007289144024E-002  -9.8736350453989142E-003   8.7732266417599007E-003
  -9.7306184398698106E-002  -1.5324193452214848E-003   1.8540621127105417E-002   9.8222433979414228E-002  -9.0411617238865663E-002
  -2.4757294035652730E-002   1.8132420525078713E-002   4.0916873115312974E-002  -9.1098468306981414E-002   4.7978352530230910E-002
  -6.4569736514807505E-002   3.1419879784153351E-002  -2.1406676072458185E-003  -4.3244516769050750E-002   4.7116905625501380E-002
  -6.2627946253367997E-002   7.1234902125054719E-002   1.2178468286971228E-002  -1.8238573321117647E-002  -9.7411572115862488E-002
   6.6695113566399233E-002   1.1822705663860039E-002   5.9463353698852243E-002  -6.2604549671982451E-002  -8.1024522175945829E-002
   1.3222805293389562E-003   5.5949027221874462E-002   3.2655953834535033E-002   5.5141488764577785E-002  -6.5564947076832192E-002
   5.6756489158144283E-002   5.2075404942520859E-002  -2.1274412138329524E-002  -5.6355102074454440E-002  -6.9087007194056721E-002
  -7.6834253101865160E-002  -6.2611197102997632E-002   8.8823736629900216E-002  -5.1470599570221980E-002   3.6906554485253783E-002
   4.2017527633653731E-003  -6.0559893267729301E-002  -5.8682158949107339E-002   8.4962338859225300E-002  -3.1467704543258548E-002
   2.8593507454399508E-002  -8.6817084784486694E-003   1.0158887709279071E-002   2.6685890473591680E-002  -2.8141192131688496E-002
   2.8816448288032381E-002  -3.7090880368075049E-002   7.5896158115007009E-002   9.2713265852793589E-002  -8.6862423749441212E-002
  -9.5776407305096470E-002  -9.6727420201260850E-002  -3.8060708002112253E-002   8.7148694402962246E-002   9.2578047382782552E-002
   2.6787414845054470E-002  -8.0454646279295803E-003  -8.0866842297425412E-002  -1.9300586677300138E-002  -8.1936559918783625E-002
   8.2216278929092196E-002   3.6599644198448751E-002  -6.9953219138381179E-002   7.9285337876781589E-002  -7.9527627113675434E-003
   8.5189993599146627E-002   1.3550769640588897E-002   8.6476281826122950E-002  -7.0725123055003711E-002   5.5152498126976673E-002
  -8.0218542812417998E-002   6.5468921903644159E-002  -9.3957675163472545E-002   8.4248710656042960E-002  -3.1491603489801748E-002
  -4.0139688954508222E-002  -6.7592338295507093E-002  -7.5549396118761949E-002   3.9604389317919986E-002   5.0932187581390051E-002
  -2.7807148004597090E-002  -8.7729785375165750E-002  -1.2878792424604752E-002   4.2299651855563121E-002  -7.7969643932927962E-002
  -3.2886687116677152E-002   1.6849347995972271E-002  -3.4329897348996087E-002  -3.8175091594696411E-002   4.7821031414593755E-002
  -2.8946084180995729E-002   4.9319891713260344E-002  -2.2821394774249736E-002   1.0532973358001711E-002  -9.1927219555429679E-002
   9.4809483511599152E-002  -9.2182825710476771E-002   5.9926114711865201E-002   6.8574165216072541E-002   9.1237621848788711E-002
  -2.0027752371952194E-002   1.0671368005704453E-002   4.8025791349456642E-002   6.0457143380059260E-002   7.8862980202360572E-002
   1.7600858551890069E-002   1.2650818809659127E-002   6.0698030134362660E-002  -4.4031246188576331E-002   6.7503837256101429E-002
   6.5541972874364238E-002  -1.9561224083558159E-002  -6.8914086630953941E-002   1.9190526724390072E-002  -1.5941745042949155E-002
   4.8354764690150223E-002   4.9444193015425443E-002  -7.7439643191022797E-002   6.0554269575709911E-002   7.8536900996091050E-002
   7.3819005530831427E-002  -6.5470463852917132E-002   4.7583005048139677E-002  -1.7578754759685712E-002  -4.8508117244035899E-002
  -2.2994781791107834E-002  -5.2427307531443881E-002  -7.6965147865840744E-002   4.8966031533692340E-002   7.7201347220684197E-002
   4.9258939349308743E-002   3.5881346120715508E-002  -6.8149379128418147E-002   9.3553537018464111E-002   4.2425802055397178E-002
  -1.7729613219774773E-002   2.2179645380135523E-003  -3.7997696855028240E-002  -1.1104721196270977E-002   2.1761025709691864E-002
  -6.3594762099030464E-002   7.3557479783399493E-002   5.7594052185513722E-002  -7.7927063675148206E-002  -9.3846982825139272E-002
   2.8698417185024982E-002   8.9465968178983765E-002  -3.3489489783335977E-002  -1.7336800552960260E-002   1.6159307498360385E-002
  -1.7946834339088877E-002   2.6572374587852079E-002   2.1808478891687324E-002  -3.8297019296447105E-002  -6.6429853696869882E-003
  -4.7508963349674062E-002  -1.7147921450617443E-002   2.7882664196251482E-002  -8.4984017703361420E-002  -1.1036486332344731E-002
  -1.4984746047386208E-002   4.5228765819417399E-002  -1.4199581965226912E-002  -5.5229946725465960E-002  -5.8960039864661931E-002
  -2.9114923506327016E-002  -5.6995597125902367E-002   6.9891643349595439E-002  -5.2331602105045942E-002   7.4658335342597387E-002
   9.8960087402945734E-002  -2.1120247113923962E-002   3.8271076432149879E-002   2.1045994697406884E-002  -8.0670648613501608E-002
   3.9139245165077845E-003  -1.3882113124518529E-002  -5.1184760659286212E-002  -9.2460922196604775E-002  -9.1588877816461439E-002
   3.5570409841698507E-002  -6.5510044246154669E-002   3.2047798169454869E-002   2.5863318036551682E-002   2.4081716248146420E-002
   1.1674569588758987E-002 -0.10070716701571386        4.7745882114338348E-002   1.2985476456068120E-002   9.8492915799978598E-002
   9.5723146667212544E-002  -7.0742662466263040E-002   5.4915545929234769E-002   4.6335443750830749E-002  -2.8350379821063112E-002
   9.6747310452178437E-002  -7.0817007933956885E-002   6.3271947708041537E-002  -4.2495683886357872E-003   7.1365296064801520E-002
  -4.6795858930430069E-002  -7.4422552656145322E-003   1.9737292621302915E-002  -7.4511495564803312E-002  -5.2082762668403705E-003
  -7.1819015074882905E-002   2.2063826450858227E-002   8.3983127384554004E-002  -7.2871336020711358E-002   8.8787546205714427E-002
   4.6685643202211531E-002   2.0666660424312554E-002   5.2880747828705714E-002   1.0882519891571536E-002  -6.3885907745280773E-002
  -9.3317549094530494E-002  -7.5938476230012722E-002  -8.7021233872570034E-002  -9.8097941405731665E-002  -3.0192682064375458E-002
 -0.10067970462466466       -9.0139591525877499E-003   4.9840866646257517E-002  -1.0254067552564076E-002   1.1825369452300954E-002
   7.8030064896701043E-002   2.4004856847599607E-002   5.8418991951333821E-002  -2.9325585723199949E-002  -9.9271536495405613E-002
   1.0684538172359489E-003   4.2985837846624006E-002   6.1057653087828609E-002  -7.3707014329610465E-002  -4.0323523448688871E-002
   3.7891302133205358E-002  -4.2298203215202120E-002   2.8696866174676650E-002   6.4035006658589022E-002  -8.9568552050308350E-002
   6.7920127066303862E-002   5.5828632899205199E-002  -2.3450297261285193E-002  -4.3545812291300848E-002   9.7894280136972354E-003
  -5.7532512906002482E-002  -6.1534337704655988E-002  -5.7330416365711206E-002  -7.9610859625685246E-003   4.0410915633324322E-002
  -9.1775154280500273E-002   6.4254122814621867E-002   3.7684567298207898E-002  -5.7723926308568964E-002  -8.2141780719090743E-002
  -7.0124596360131894E-002   3.2925210295032703E-002   6.8357837942139718E-002   3.6955742407574925E-002   8.9099164791213700E-002
   4.0467077101667803E-002   4.1700111160875505E-002   3.4720041749667835E-002  -8.1310823947326458E-002  -1.3954220026942892E-002
   8.5563913254364007E-002  -5.2049265188939986E-002   3.1588199128150883E-002  -8.5363375374064757E-002   6.7040669238553605E-002
   7.4989216755322226E-003  -3.0616146440205400E-002  -8.0815312945355133E-004  -7.2522659113621421E-002   6.6839984392512597E-002
   9.4726280838187793E-002  -4.3829566484436464E-002   9.0386322163019714E-002  -3.8726090100728902E-002  -7.9772842254013779E-002
  -5.6307115354882906E-002  -8.9975974805124648E-002   5.7988717412448106E-002   9.1837596762347901E-002  -6.8120528900293131E-002
   1.0030273606948593E-002  -3.8153811940021785E-002  -2.9713601782360717E-002  -3.8637544524519750E-002  -9.6853280378092543E-002
  -2.3099358375166617E-002   6.5174943290895307E-002  -5.0335683119310845E-002   7.5103447247905381E-002   5.6064690486968646E-002
  -3.2410171474705193E-002  -1.5679642004170411E-002   1.2168672366433722E-002  -3.8216835415222977E-003   6.4520670196440602E-002
  -5.4577440665371083E-002  -9.7790687530436599E-002  -6.8118773981635974E-002  -9.9235986989543626E-002   1.3257979911716443E-002
  -8.7453574527895886E-002   6.8822013899111120E-002  -3.0293811455190327E-002   3.1159016536832932E-003   4.1582645236363874E-002
  -4.2210479708905090E-002  -1.5931935389089625E-003   3.5624083019351070E-002  -5.9665328808264344E-003  -2.4176580905127830E-002
   3.8439458165047104E-002  -2.0307574313611951E-002   1.1381424081360206E-002  -3.4481661154236336E-002  -8.9944169712032479E-002
  -4.5827200563708759E-002  -6.4790157383402450E-002   8.5916401016115432E-002  -1.6009271704203978E-002   7.7208750737460807E-002
   5.4731160257242464E-002  -3.8149587764018590E-002   8.5936010756488587E-002   1.4065243006109736E-002   9.6938155446642485E-002
   6.7630361046536719E-002  -1.7918313068527338E-002   7.3604183221703645E-002  -3.4138978815008075E-002   7.5981741654948323E-002
   2.6698579730361872E-002   4.9608892138289389E-002   5.1139541555227312E-002  -5.9361632535746486E-003   6.0813710248250399E-002
  -1.6587526188983875E-002   7.1359404315899710E-002  -2.7616479997022027E-002  -4.4220477942904290E-002   4.5070230985656518E-002
  -6.7042055084008761E-002   6.1282490931362003E-002   8.4225364340796305E-002  -4.5290824371660036E-002  -2.0187580273924147E-002
   2.6207383700283707E-002  -5.6463851676424356E-002  -6.5183832637417194E-003   1.0669833847421576E-002  -3.6235249020883107E-003
  -2.7150585820269143E-003  -8.8862695868908312E-002  -1.5127094887835596E-002  -9.0963431321138502E-002   2.1499424206627229E-002
   2.8434758795195088E-002  -8.3993960233032933E-002   2.9475722659792564E-002   7.6393734530077360E-003   1.0193935798504880E-002
  -6.1925124974579977E-002  -4.1744223966296949E-002  -7.6936478959848051E-002   6.5766055701349399E-002  -3.6885398177532266E-002
  -7.0621002539727655E-003  -8.7280440933696409E-003  -7.2969762755480061E-002   1.9113516702299785E-002   6.9757180986688330E-002
   1.9623626938067855E-003  -1.1884219457668831E-002  -1.4710475795374814E-002  -4.0056981473174796E-002  -2.7773998657746771E-002
  -1.7443859074934700E-002   3.2944899301174091E-003   5.8141554223790401E-002  -9.1621759359902539E-003   9.3784883902660127E-002
   6.1697523427573252E-002  -2.7940866166196860E-002  -3.6138392772277483E-002  -5.0051519135669215E-002  -4.2506035906790654E-002
  -8.8088431343655415E-003   2.7287607713341711E-002  -8.1449408351849564E-002   2.2458783298719826E-002   5.4187835784815515E-002
  -2.0516807802536830E-003   3.4572884181344167E-002  -1.0448216427574968E-002   2.9081902730879071E-003   3.9747271516348118E-002
  -3.4979955362320382E-002  -2.0711442565833155E-002   3.3012646847764213E-002  -8.5697264734260564E-002   5.6921352305528632E-002
  -3.8429105746450067E-002   3.8384982632131873E-002   8.6725210117564330E-002   3.0527932131552377E-002  -6.9455311676627218E-002
   6.9436270766774846E-002  -5.1981035925465199E-002   1.1838983275468290E-002  -4.2390352118556990E-002   2.0390382972643596E-002
  -8.1296851415190267E-003  -9.1743011240997541E-002  -4.1370668267279288E-002  -5.9938336483055431E-002   6.6572427326632724E-002
  -7.7147135277044268E-002   4.6652884353238243E-002   1.6274286844888203E-002  -1.9541082313202663E-002   9.7744986534359871E-003
   7.8857872717069427E-002  -1.1284466515045079E-002   4.2041352102159014E-002  -6.8760377701511832E-002   4.4455136742121815E-002
   6.5886176225671278E-002   4.0628957890191802E-002  -6.8433114414390900E-002  -4.4209103274992653E-002   8.2975687340778065E-002
  -3.6347257953952709E-002   4.9759361777418673E-002  -4.9059223178597809E-002  -1.8855268686715495E-002   2.2619671983953163E-002
  -5.5377610979077249E-003   5.9303339299496508E-002  -9.0295743469326201E-002  -3.2980826188273568E-002   8.6869888398809908E-002
   9.3530887624912684E-002   5.4067964312405986E-002   8.9884161742375929E-002   5.0675081250697224E-002   6.7408384337956845E-002
   8.7014353423586016E-002  -8.6283508587937638E-002   2.2080521536922346E-002  -5.7891172231302107E-002   2.7316378643530738E-002
   9.1955028442668021E-002   2.2923789784063838E-002  -8.4536238119351480E-003  -7.8216365844627780E-002   5.2827167956687078E-003
  -8.1716517974182570E-002   7.3327880975405171E-002  -9.1773989017592081E-002   8.4973594903385533E-002 -0.10054778748114686     
  -7.0912923604337236E-002  -5.5702090508999338E-002   4.2349752235352887E-002   2.3449296062547639E-002   7.1717835762757420E-002
  -1.9429643879355092E-002  -4.9453432494017263E-002   3.9979447569107568E-002   1.6053768943655011E-002   8.7802711783780962E-002
  -2.5515768173764608E-002   1.1697853635699786E-003   6.9616685844369058E-002  -8.4026088264243886E-004   3.9253828513062743E-002
   4.1005596947256452E-002   6.7849860486248859E-002   1.6171786580923626E-002   6.0327777378522469E-002   1.3497628016797514E-002
   3.1655305300581421E-003  -1.2002969149867091E-002   8.9297366003285708E-002  -4.3437853031477118E-002   5.3345249118581781E-002
   9.0440485697839454E-002   3.3318815407423354E-002   8.8650565170668605E-002  -3.2018289431240569E-002   8.3347550589971953E-002
   9.6922718975265151E-002   5.3892744365592146E-002  -3.3795492459932443E-002  -3.0709823372589016E-002   6.8662765534051012E-002
   3.6971362185118761E-002   3.1173344125286672E-002  -3.0750303657888035E-002   7.0773746346430846E-003  -7.4057198436057972E-002
   2.2540585568984757E-002  -3.2288543353037727E-002  -9.4722297047860449E-002  -6.0937366607153251E-002  -5.9811047615669209E-002
   4.3387818559338671E-003  -3.0781643849977652E-002   1.9053784530597318E-003  -5.4788529939557226E-002  -6.5517050410307143E-002
   6.3546907513429673E-002   6.9205260645487571E-002  -3.4079337475142121E-003   3.4644140105978313E-002   8.9894025410777005E-003
  -7.2784119402083541E-002   8.1819438228553087E-002  -4.4375468769779616E-002  -1.0127620512616307E-002   8.6711897589553402E-002
  -2.8780171105707710E-002   3.5640432834232905E-002 -0.10102063707867821        2.2372133181308585E-002  -7.0602475510695567E-002
  -3.9125722181159429E-002  -2.2613095768074548E-002 -0.10005642851992827       -2.7537729229619681E-002   4.5832657132149998E-002
  -2.3287471401758152E-002   6.9390574627020599E-002   2.4797225220104177E-002  -5.8397780512530424E-002   5.0568773894603722E-002
   2.1223237736106518E-002   2.0824797749116886E-002  -8.8169622675991127E-002   6.7846261766877233E-002  -6.1028665884626423E-002
   9.8635003347211023E-003  -9.3607474554109879E-002   3.0212260729130812E-002   6.1425247904491734E-002  -2.8515068359186432E-002
  -4.7393311785237265E-002   5.1397835737439265E-002   2.5799200274423124E-002  -7.6576816834053305E-002   6.0468569701400569E-002
  -8.5319981573945353E-002  -8.4334822124096695E-002  -3.8031196056490281E-002   8.7202758300235758E-002   3.9368502631719711E-002
   2.1891180736172439E-002  -4.9538377922123858E-002  -5.5573806811465197E-002  -9.1815556333079071E-002   6.6450778543910238E-002
  -3.2568900454345656E-002   8.5979777087737380E-002   2.7039160739138453E-003  -6.7193454217546036E-002   2.7514017478663983E-003
  -1.2595618448424627E-002   3.5275128094663481E-002  -4.0766987699167562E-002  -7.1596624241332561E-003   1.9276487611282735E-002
  -3.8753423045800650E-002  -5.9211857844360609E-002  -3.5608247782912841E-002  -9.3662023403105338E-002  -6.0969287179791977E-002
   2.5066840226483905E-002   7.5792201613132035E-002  -1.7197257761612818E-002   4.1143265448115966E-002   6.2214047947420942E-002
  -6.7973188488297628E-002  -2.5528331967248720E-002   8.8535667297030093E-002   3.6788186639567011E-002  -4.3898058276369001E-003
   2.0494199987954168E-002   7.6541854208269731E-003  -5.0342833836019132E-002  -3.1633342885571819E-002  -4.4088271675513220E-002
   9.2619666531832220E-002  -9.7324851984906563E-002   7.8054011960038763E-002   2.0997042545232148E-002  -9.3487573638212067E-003
   3.0897779170478940E-002   5.3222358306088527E-002  -4.7807783193224091E-003   4.3570038380556876E-002   4.5461412280309428E-002
   4.2002421555522099E-002   8.6047881077684019E-002   3.9789875352764861E-002   9.4066006620482437E-003   3.8060803447372837E-002
   5.5323974043465285E-002  -2.2934849123746860E-002  -7.7553730349268560E-002  -9.7290397069926746E-002  -2.9697275190454517E-003
   9.4888200859963384E-002   8.6047350494749514E-002   2.3000690597900168E-002   7.3004237941950807E-003  -3.0961440410044602E-002
  -9.8987338576749066E-003  -1.9328164572567176E-002  -2.9137256891951745E-002   5.8750887393633842E-002  -1.9100847136012341E-002
   1.3066942550884527E-002   2.3026526077439942E-002  -1.5925728547163880E-002   1.8844259425312660E-003  -6.2218210624400722E-002
  -6.0529662365886167E-002  -2.6377019231683171E-002   9.2630317364320244E-002  -3.4949079911763402E-002  -7.8620051259591702E-003
  -9.2389445684872354E-002  -6.1976965334266700E-002   4.6231127464518421E-002   5.4839148145917659E-003   9.1001017076603047E-002
   5.3833973166725835E-002   5.2706266688806375E-002  -6.0596994321227768E-003   4.0652877890664718E-003   3.4583077821832606E-002
  -4.9965606036546886E-002   4.7039682389605889E-002  -7.1460942503633426E-002   3.4562339177541826E-002   3.4535759937380728E-002
   3.1026372939848841E-002  -4.6673755114581265E-002   3.7064803445138773E-003  -8.3263620304922084E-002   3.1658202214050295E-002
  -1.5337214004990062E-002   8.6047826754059545E-002   2.7404659850975913E-002   6.3129641949427828E-002  -7.0191002989913806E-002
  -9.9162269324550967E-002   1.1731743320382262E-002  -6.5814482727480889E-002  -6.0534148361953873E-003   4.0911128675115614E-002
   8.8756746191586314E-002   8.9256467788927346E-004  -2.0647624478713135E-002   1.5506500624488195E-002  -8.6449861673978695E-002
  -7.8646860103577104E-002   4.3638918596711151E-002   9.6680140271643289E-003  -8.7108767546387120E-002  -3.6604833936988559E-002
  -4.2231663159368181E-002  -1.2348465430772164E-002   6.8472434250703165E-002  -9.5519711549747963E-002  -2.5337956241650150E-002
  -1.9407245243920453E-002   2.5568351069889275E-002  -5.9763559125607178E-002  -4.3424138679069683E-002   6.6398487582315563E-002
  -6.3546284314635075E-003   6.0195600053483005E-002   6.5354020597327978E-002   6.4773689442436208E-002  -8.6985147708807768E-003
   8.2658557706685121E-002  -6.4661374382060550E-003  -1.7749514521587084E-002   8.2780396471913556E-002   4.9592166411653697E-002
   5.7057509710083970E-002  -2.7762318640116586E-002  -5.2987969339930170E-002   1.9208555481738623E-002  -1.3206174245925184E-002
   8.7271445210448120E-002   4.7065094594898799E-002   6.5592244661474078E-002   8.6424917037628862E-002   5.8323364422998257E-002
  -4.9617278410341047E-002  -2.0441329546085057E-002   3.4176787373783254E-002  -2.1698078410836812E-002   8.9997321389811841E-002
  -7.8585658756970794E-002   3.7756643832979907E-002  -7.1094702658867281E-003   2.0203566141614168E-002   1.5503193602689977E-003
  -6.5217581446078187E-003  -8.3818984459032783E-002  -9.8527296948305712E-002   5.9814299965112470E-002   9.6153949978863271E-002
  -8.6459284474835599E-002   1.1382343843950593E-002   9.8532472893409884E-002  -4.8067824679690417E-002  -5.4913735461596266E-002
   4.8250110548870170E-002  -3.5798795473468391E-002   5.3471274676971374E-002   7.2005117474064337E-002   6.1949236648772603E-002
   7.7395118152880527E-002   7.0527364285185495E-002  -6.9145225334345223E-002  -6.9740384829187693E-002  -9.0902741832689649E-002
  -2.3712883686621757E-002   4.0762349019108780E-002   2.2435636995229657E-003  -6.9951975720409388E-003   2.3327873041747920E-002
   1.8175332408491108E-002  -1.8673825749946291E-002  -2.7047202743234449E-002  -3.5306848977900804E-002   4.4472803497357362E-002
  -5.9688898632190915E-002   4.0409243860124996E-002  -4.1584356808848623E-002  -2.6171100851241930E-002  -5.0702054762990799E-002
   3.7193306330714844E-003  -3.9877878715669446E-002   6.0449538995469787E-002   5.0025442212748114E-002  -3.6547449772337162E-002
  -3.0013044921313861E-002   9.7317487532359234E-002   9.4562290749022726E-002   4.8477179284887255E-002   2.3023951999027105E-002
   8.4605067790066643E-002  -2.8959238718911557E-002  -3.5637297005562597E-002  -1.7398444496292916E-002 -0.10033370191817434     
   8.3482513403457560E-003   7.1087687612779962E-002  -2.2401360068803281E-002   2.5886085247686992E-002   2.0042412059345451E-002
   4.2893019776447716E-002   3.1187341425982441E-002  -5.2569487303036053E-002  -5.7292807726570638E-002   2.4749336251171070E-002
   4.5176202277276707E-002   6.1460729500677665E-002  -5.9262275423801559E-002  -4.5762105012603534E-002  -5.2998744261414654E-003
   4.7804381672744379E-003  -3.5350803204587465E-002   3.0606450434110956E-002   5.7645091274589430E-002  -7.8845582442927359E-002
   3.9720834906088867E-002   6.0197590567245829E-002  -7.9778874046463499E-002  -4.3257581216724308E-002   1.2669650891688604E-002
  -3.2053607762004728E-002  -7.1577564990068631E-003  -3.8622845343583539E-002  -5.3974260884017931E-002  -9.5739010453656723E-002
   5.2798928454683848E-002   7.0554827435679077E-002   8.9273017765886489E-002  -2.6644766415049322E-002   6.1029428776957238E-002
  -3.1018320180324060E-002  -8.8436045490770610E-002  -6.3868151169398799E-002  -5.8265179830698836E-002  -2.8258646075673934E-002
  -4.3705525544284453E-002   2.3980845826931847E-002  -1.6929441551963333E-002  -5.7068698057427515E-002   5.1152972452186696E-002
   5.9498789565119475E-002  -4.7516007002185209E-002   6.6572260145995696E-002  -3.5608473353025943E-002  -3.0662488042474553E-002
   2.6449055566450743E-002  -3.9191842435218990E-002   5.3731426582486287E-002  -1.9377179158221000E-002  -9.0958558569785686E-002
  -4.8730851198366544E-002  -1.6186358029472492E-002  -4.3095682093863726E-002   2.3689236742215628E-002  -4.8659197722406719E-002
  -5.1970961647745645E-002  -3.1838172451073799E-003  -8.8826283240298495E-002   8.4198233055597455E-002   8.9169366961624336E-002
   1.1114807169386176E-002  -4.6723363533663687E-002  -5.9600691799432080E-003   2.5096912525454249E-002   1.0184069887770271E-002
  -2.6569683975708278E-002   1.5771179678402306E-002   4.8704214580086835E-002  -2.0176568885644133E-002   6.1208781835426850E-002
   4.8324347771567668E-002   3.2668824046698061E-002  -7.4068097438064348E-002   4.5532528648690472E-002   5.2591152751314395E-002
   5.3733497166365635E-002  -3.8109492933600442E-002   5.9661496548771745E-002  -6.4851168110901941E-002  -1.0056657139530800E-002
  -4.9075121623109230E-002   1.4384590602618735E-002   2.6186819973305294E-002   3.3559975091098482E-002   8.3304217721179800E-003
  -8.5327804894779660E-002  -3.8182424561354671E-002   6.0812926370210414E-002  -5.2414177551445354E-002  -4.3151583716338725E-002
  -9.5875440711624613E-002  -1.1318746795755449E-002   8.4280018473820648E-002  -8.3974665841949847E-002   4.5141067476924424E-002
  -2.6951311317897571E-002  -7.2942809080068427E-003  -9.9552966324924885E-002  -9.9568273578762908E-003  -3.5443108673370435E-003
  -1.5896718694520355E-002  -2.7020439587611248E-002  -3.5639539147390320E-002   5.2398260542680540E-003   9.7055225110380908E-002
   3.3392078455235570E-002   6.0972425070298673E-002   2.3194948599462327E-002  -8.5110809790346756E-002  -5.4482320509026553E-003
  -1.8867656020251741E-002  -8.5870506422738829E-002  -2.5441482117599241E-002   7.1134504163267623E-002   5.5302060887918204E-002
  -4.6588739757562329E-002  -2.7839663953676441E-002   4.8171020796524598E-002  -9.0730545636010754E-002  -5.8514989212897231E-002
   1.6543632378169290E-002   7.3650990549781872E-002   1.8836837089636644E-002   8.5517716700924437E-002  -9.5284544107662794E-002
  -5.0203727712712913E-002  -1.9540868965700838E-002  -2.2780874934778234E-002   5.0035087111031124E-003  -9.6412803024125665E-002
   4.0461522166125613E-002  -1.8673743178940480E-002   1.3958149190370511E-002  -6.2334915554785007E-002  -5.3218987459802157E-002
  -6.7962987309711162E-002   4.4493207970316253E-003  -7.4143135655309264E-002  -1.8487448299663214E-002  -8.0320196179899994E-002
  -8.2147615002153271E-002  -9.3903074062843761E-002  -4.4960305871054394E-002  -1.3499019701673942E-002  -1.7592441793307307E-003
   8.8673443434050814E-003   7.9177404332030701E-002  -5.2353522663489756E-002   2.3017491544863111E-002  -4.3251630415193310E-002
  -8.7389339407322561E-002  -7.0169637293525197E-002   6.2599460675782634E-002  -8.6389356483931409E-002   9.4973537551019144E-002
   1.4564107840582666E-002   4.9439289477285889E-002  -2.1471202131009261E-002   8.6526085015424734E-002   7.9343144647734520E-003
  -6.3744293504790661E-002   4.8683327092115362E-002   3.3642642746492726E-003  -6.2718047658183965E-002   9.8143419686698083E-003
   4.8234886795099984E-002   8.0489466538607016E-002   3.7718639893770550E-003   4.3718037863206299E-002  -2.2900215394928883E-002
   9.7014024012284761E-002   3.8612570868036281E-002  -7.6929916943830973E-002  -6.2433957467551919E-002   3.1281925963739993E-002
  -8.0108934880766841E-002  -4.8024387638423253E-002   7.6902890594141030E-002   8.6733992407701938E-002   9.1079626228738626E-003
  -4.7250202410693116E-002  -8.4218666462842054E-002   2.8628625169703596E-002   4.2329966592630684E-002   6.4110245736426708E-002
  -4.2917439428913143E-002   8.0047228529376568E-002   1.1038624349111154E-002   8.6849674967420382E-002   6.1051293943378257E-002
   6.0131116890141313E-002   5.7944629360093133E-002   5.8034616958572233E-002  -1.3002516590963369E-002  -8.7681353928096423E-002
  -6.2837771485346444E-002  -3.8553043114688385E-003  -8.0859445916195538E-002  -4.9603994003485731E-002   8.7223415654203343E-002
  -6.3326222069120280E-002  -2.7976064829657124E-003  -6.3840651286184075E-002   9.5567792674538687E-002  -7.2597803353938395E-002
   7.1599767307938850E-002  -1.7281664135990870E-002  -7.0952292567524958E-002  -5.3727816621502548E-002   1.5263552991917792E-002
   3.0094138956520945E-002   1.5173494221738781E-002   2.3067370994798355E-002 -0.10014310210965002       -1.7974050611196987E-002
   6.4617034886256655E-002   4.1262310662602136E-002  -7.5658614638788133E-002  -7.6824822283965602E-002   3.1620875888751496E-002
  -5.6881551412204218E-002   6.5283365590300957E-002   8.1997076774972560E-002  -8.6219587839639983E-002  -3.2599927814951038E-002
   2.0812699519026957E-002  -5.7212121382319063E-002  -9.8739578202355391E-002   1.5320569803464155E-002  -2.1023265905671558E-002
   5.8805497871836114E-003  -5.9018583294185398E-002   6.9920444739595897E-002   8.7450585297536299E-002   8.5882003299007168E-003
  -8.6760623968070313E-002   8.2952929980893639E-002   2.8477235309422103E-002  -4.5611469476049694E-002  -5.3017860322219550E-002
  -2.2949698802982685E-002   5.1872107127469994E-002   9.0581368105575502E-002   3.7343532542198639E-002   7.7005574679202535E-002
  -9.4908310445302291E-002   6.1931454707657508E-003   1.8557645990084741E-002  -1.2914345870971206E-002   7.6165786402593361E-002
  -5.9412654103839684E-003   5.8290543873301751E-002  -8.0916774574132960E-002  -9.1873867663706851E-002  -4.6217261320699926E-003
  -3.7275577294907894E-002   4.3305115410330462E-002  -5.4957668169223492E-003  -9.8950967064878551E-003  -5.9229623183101536E-002
   3.3414223411756851E-002  -1.7643044908963356E-002  -7.2001744228717177E-002  -1.6152294350506909E-002  -9.1633595325817302E-002
  -3.1819518896637491E-002   4.5486610646239885E-002  -9.1822730358305488E-002   6.2355302206646125E-002  -1.9028926483013495E-002
  -4.8368316838270260E-002   9.1190591929185869E-002  -7.0506077532076730E-002   7.9807033838916186E-002   2.2944917710310445E-002
   7.7012375532294938E-002  -7.6956847534961639E-002  -2.5238743491141761E-003   1.4079788229318079E-002  -1.4871228943242858E-004
  -1.2658865539908887E-003   3.9981747005907307E-002   7.8887583640580947E-002   8.1849484905410025E-002  -3.7781081883283267E-002
   3.2448328170687109E-002  -5.8987325091453942E-002   4.4687867819019393E-002   2.1449408012999414E-002   4.3824899387549340E-002
   4.2910834784932989E-002   4.1980745001600874E-003   4.4371838210164452E-002   8.2121865167866251E-002  -6.3885750382606146E-002
  -9.5043841686539815E-002   1.8997968383965145E-002   8.4675956437414157E-002  -6.8168538661357650E-002   7.6948928422205229E-002
  -1.9311913941797470E-002   2.1249144860940993E-002   7.7371135244336281E-002  -8.8296991811812692E-002  -7.5447160546369782E-002
   9.4206654336404655E-002   7.5488728798283514E-002   1.6343238536482327E-002   7.7809452944274660E-002  -1.7375559011890272E-002
   6.3914266300369255E-002  -9.1913572257134576E-002   9.8839332218567791E-002   5.3125427484881561E-002  -8.3536616044074363E-002
  -7.9608648087473033E-002  -3.5684554938176224E-002  -8.5700125079528164E-002   4.7425211545925897E-002  -1.0819560932452756E-002
   2.9144213531555690E-002  -6.5599486208339886E-002  -6.8574213084657915E-002  -3.8624290599746196E-003   5.8247594428060434E-002
  -9.7953691642131246E-002  -5.4037028075908107E-002   2.6099042137184707E-002  -7.1434577551082026E-002   2.9186742924673555E-002
  -3.6616871198038164E-002   1.4889149042178494E-002  -8.3909146247562627E-002  -8.0582437987620451E-002  -3.6879614253509843E-002
   6.6333620623533818E-002  -2.6557906923342853E-002  -6.6570400035674049E-002  -4.5964550382947708E-002   1.0142826429023675E-002
  -2.7134487252667830E-002   1.7094651105171940E-002   9.7322581891228971E-002  -5.0008154130071564E-002   6.0616474193845533E-002
   3.2995594957461009E-002   7.4422054881364752E-003   6.9944274773647300E-002  -9.9537013199444649E-002  -4.5190713708560669E-002
   8.9323915924795161E-002   3.0842408894979252E-002   5.0925094724591162E-002  -9.0901554431066789E-002   2.2631233530207278E-002
   4.7192415922579473E-002   5.7390044112563245E-002   8.7251878012726367E-002   7.1397094808802714E-002   3.6738938486624573E-002
   8.4166043527634973E-002  -5.0345605873706525E-002   5.6396022485947659E-003  -8.7991519459194881E-002   3.6859978364887149E-004
  -2.3070226589283399E-002  -8.4618822304267802E-002   8.2587815014386487E-002  -1.2801026369826364E-002   7.7713998441195337E-002
  -9.0114390909480035E-002   5.7644471328516432E-002   2.5944212404975887E-002   4.8272179957014522E-002  -9.4806049062325606E-002
  -9.1055065541374519E-002  -9.5771487725877513E-002   5.0776772733906211E-002   4.5072078005480527E-002   4.9943166418545355E-002
   2.5035344201960425E-002   2.8091159292923492E-002  -2.3130987732207280E-002   4.0886890733430201E-002   4.3794204882083618E-002
  -1.5949581586150157E-003  -4.4290817820394277E-002   8.0421442462798656E-002   2.4790850497888550E-002   3.4873889730373517E-002
   4.1551955066090149E-002   6.4812733542390089E-002  -8.5477880336646189E-002  -5.6487235726590646E-002  -6.4505382086091689E-002
  -7.8628957205073208E-002   8.5163476905547486E-002   6.9851832644971329E-002  -4.7890097748755030E-002  -6.0645982871670327E-002
  -7.7829847265322077E-002  -6.4729332738102843E-002  -3.5764479231469713E-002  -8.3615675007540649E-002  -5.8088139321768789E-002
   4.3773317073035847E-002  -4.8495420330433844E-002  -3.2952346063484496E-002   3.0682612509852592E-002  -6.6864410279875774E-002
  -9.6374288010055167E-002   7.4240504349096570E-002  -9.8177349626884736E-002  -5.5658046353755493E-002   5.4855119756881425E-003
  -7.6097365997373524E-003   8.9563412453996846E-003   5.6493295715176466E-002  -6.9288096523445572E-002  -3.7762928170006801E-002
   1.3684026610579545E-002  -4.6550222419132231E-002  -9.1901681255351558E-002   1.3161160898443891E-003  -2.7342512863130077E-002
  -6.5189228230962459E-002   9.3511267398841726E-004   5.1001474778546135E-002  -7.4998457074614347E-002   1.4108994797807991E-002
  -6.5330387546923496E-002   9.6968487531419005E-003   8.5093358836910785E-002   8.4512995538172341E-003   2.1893980188350416E-002
  -7.7992769695396522E-002  -2.3679700542269828E-002   5.7559875402928232E-003   9.0741405979301526E-002  -5.9836222579625661E-002
   5.9205125399791690E-002  -7.1777960504316216E-002  -6.7051962727854519E-002  -8.1253236608295407E-002   6.3261630849049358E-002
  -8.7093473095737936E-002  -3.6325040115653927E-002  -9.5347979294307134E-002  -4.9595146516204419E-002  -8.9646121107039345E-002
  -8.2793599780673049E-002   4.2002578579393657E-002  -1.4791233314552010E-002   2.8381822935420895E-002   4.5496935518385823E-003
   5.0324403540855343E-002  -6.7478686937595053E-002   7.8296047841741129E-002   4.2081747996509711E-002  -2.0567554025575203E-002
   3.2836417718041085E-002   8.4154117927181027E-002  -6.0969630762066747E-002   3.0619089677741719E-003  -5.7207429988082911E-002
  -8.9881945487647052E-003   4.7092413989443749E-002   9.3618784482246697E-003  -4.8352070826389433E-002   2.7473663328299529E-002
   1.7452123547529178E-002  -1.8870263181986449E-003  -4.1636462428787477E-002  -1.6081372126458361E-002   4.6430299066069845E-002
  -2.7473770506360712E-002  -6.8246719085349572E-002   7.0724021547869803E-002  -5.4527084875037254E-002   5.9120532981871185E-002
  -9.9365985976217472E-002  -7.6640568007544083E-002   1.1723181613995373E-003  -1.7606782464603778E-003   1.0628382276375961E-002
   6.6347794407130900E-002  -3.3182438678694484E-002   5.9954680792248104E-002   7.8089584148225991E-002   8.4471147394788421E-002
  -1.3700332416332754E-002  -5.4341591642234802E-002  -5.1765574992555406E-003  -3.1719597561387348E-002  -7.6573327802187729E-002
  -5.8530630570439085E-002  -3.2989231192867036E-002  -5.8131353069681493E-002  -3.8216239096192851E-002  -3.4481493949249716E-002  -5.9638966665511772E-002  -4.2095862959698478E-002  -5.7539791373514344E-002  -3.6057938352197609E-002  -4.6400467359334265E-002  -5.3556609473598651E-002  -5.2298558021263208E-002  -6.4378570707437660E-002  -5.7480447975025162E-002  -3.9445394838494380E-002  -3.3842731069709808E-002
