          16           8           5           5
  -7.9528406307568522E-002   8.7924497990017197E-002  -5.7500618209846865E-002   7.4080648111612829E-002   8.2297903177695600E-002
   5.6668475183543315E-002   2.3829845857189006E-002   2.7469215166198283E-002  -9.3028543926569562E-002  -7.6304182063188258E-002
   8.0612390770690157E-002   7.7425544101424548E-002   5.2898186401501082E-002   9.1914592586062063E-002  -2.5336071989889849E-002
  -8.3307793521670906E-002  -5.5847538273793615E-002   5.8871244650640780E-002  -6.1086698128350575E-002  -4.1258960978805256E-002
  -6.2238872722438802E-003   8.9375370731649167E-002   4.0434930118925426E-002  -5.0051267354760808E-002  -4.2275862246747502E-002
  -9.3637097990448802E-003   5.7640945733566942E-002  -7.6740796024332078E-002   5.0879206383632795E-002  -1.4368510181470551E-002
  -7.4302430548199658E-003   4.3640030339555630E-002   8.3528133621366366E-002   5.1981221093081953E-002  -7.7993852715929721E-002
   1.8641629634046371E-002  -3.4384107986329716E-002  -9.2550354402001711E-002  -8.7343514629471500E-002  -4.3050302949938238E-002
  -5.2719747088285203E-002   9.3499384721874301E-002  -2.3570442374294183E-002  -3.6112922925383116E-002   8.8440951740828305E-002
   4.5950673417756319E-004  -3.9254659403114421E-002   6.0944291073396134E-002   6.4312320929123146E-002   4.2461946951675690E-002
  -9.4369738959811947E-002   7.4254092444626746E-002   6.9590946258731592E-002  -4.7451698219243707E-002   9.2684745241127547E-002
   8.9673330561910652E-002   1.9811199913670426E-002   2.1449466389093104E-003  -1.2773874595195968E-002  -7.5399696608709474E-002
  -7.4517659364964892E-002   6.2739944476467288E-002   2.1625500907829442E-002   1.6595621634080036E-002   4.5418733308279911E-002
  -8.4023762410496791E-002  -9.2149236172860430E-002  -7.6335291312494599E-002   4.1352920162221946E-002   9.5081192396634859E-002
   7.7103270726052608E-002  -2.7001161017654093E-002  -5.5223872299596438E-002   3.4930923817986403E-002   5.1194732841701944E-002
   7.8354250963491037E-002   3.9336402411438966E-002   2.0739098652135139E-002   6.3726987535285707E-003   3.7342102405355390E-002
  -3.2884753983754497E-002  -8.8659080771125692E-002  -8.3395729384602532E-002   6.4008587427184568E-003   2.7405299017148832E-002
  -7.1723234995672860E-002  -7.7969727748524717E-002  -9.4372845205015099E-002  -8.3433845434496515E-002   5.3269651364893422E-002
  -4.4637706017042478E-002  -2.3290133722897368E-002   4.4731408295310859E-002  -5.3214014490666151E-002   3.1778682798397871E-002
   5.4550648465047070E-002  -9.1181331455837261E-002   6.6150080852688378E-002  -3.3958254552520127E-002  -8.6599146477992328E-002
  -1.3754080178326314E-002  -5.4744341537674206E-002  -4.9127764716126350E-002  -8.6889980568963562E-002  -5.9634762990965005E-002
   6.6908452940666026E-003  -2.5261472198169294E-002   6.4811371322619118E-002  -4.4066595125345318E-002  -3.3476466952846881E-002
  -5.5562851328261713E-002  -1.4765749945961904E-002  -5.3707947948721149E-002   9.4059230322923779E-002  -8.5757028799305760E-002
   1.1984405198813084E-002  -6.9125047821894645E-002   1.1763935700836795E-002  -3.5520884801904885E-002  -6.7747466124475311E-002
   2.9901240958310309E-002   4.4165805758597026E-003  -1.3772937604463777E-002   8.4335281323029990E-002  -9.2258213683685114E-002
   2.6857938409925040E-002   9.9939409415992483E-002  -2.4252270647290705E-003   7.1854541215542606E-002   5.1901654948531599E-002
   4.7806302595925672E-002   6.7597674847635243E-003  -8.2912094199271050E-002  -8.9684219428332462E-002   8.0694610212538015E-002
  -8.3620068966445124E-002   4.6976787937103241E-002   3.9439099882489025E-002   1.4181163941452753E-002   6.5958626058741490E-002
   7.1503654376371448E-002   2.6598830799058264E-002  -9.7007809724130201E-002  -2.5492349187272268E-002  -8.3263297674304321E-002
   8.2314788206174924E-002   3.6808365681692309E-002   1.8452647146126877E-002   9.7625126463288719E-002   8.7284213591341073E-002
  -3.5612777807712379E-003  -1.8723141473770140E-002   8.2597386740526912E-002  -7.4881731151346331E-002  -1.8822577228383916E-002
   2.5522913514815309E-003   8.4157679167616170E-002   2.3094193971601663E-002  -2.0771140009713154E-002   4.1179844553267425E-002
  -9.5113767320352163E-002  -9.1507550909348923E-002  -7.9607279792962254E-002  -3.6554626244398238E-002   9.1386281963316232E-002
   3.4548936093780305E-002  -1.0593291605506178E-002   3.8062792620378906E-002  -6.6053916739497454E-002  -7.9428224750898765E-002
  -5.8566680350628078E-002  -2.2782871595589282E-002  -2.0810102631720163E-002   7.7592293709985341E-002   2.3012211113497411E-002
   2.3574438587374884E-002  -1.6613818294421084E-002   6.1624689107048290E-002  -1.5997212964836915E-002  -3.4658405333339533E-002
  -8.8945882307171861E-002  -8.1749094007592699E-002   4.7902911291860901E-003   7.0908059500477362E-003  -8.1429875893881815E-002
   7.7563370513803062E-002   7.2085039554251908E-004   4.7805643555997562E-002   7.4776739364794939E-002   4.7581034484216550E-002
   1.3549446463438841E-002   3.2713343626424828E-002  -8.1608309329354506E-002  -4.4126550562154386E-002   6.4988766427372287E-003
   6.2760711294528926E-002   5.0954859844578607E-002   9.0929559730973469E-002  -5.5471112243081405E-002  -8.7993820624032645E-002
  -3.9875771171734083E-002   4.2222152636862201E-002   4.2323378642479682E-002   1.0229301563249362E-002  -3.0678656577397184E-002
  -8.2025845236107266E-003  -7.0342157272028610E-002  -9.8756783345906957E-002   5.3835016659761349E-002   7.4042606083254345E-002
  -8.7992805254735129E-002   3.3582333018935921E-003  -4.1789646595747649E-003   5.4284990961621857E-002  -7.3223280055031134E-002
   2.0841251752439990E-002  -7.0556111151418840E-002   7.7697558292740360E-002   2.8724214134658404E-002  -8.5699411459913444E-002
   3.9766631933740443E-002  -7.2623771233619912E-003   7.1202078358507087E-002   5.4085070360967866E-002   3.7446971757773277E-002
   4.2318832602588924E-002  -2.6639942801142639E-004  -5.5183877396869620E-002  -8.2962992018843357E-003  -6.8822776138251669E-003
  -8.5158590633201747E-002   5.2171078311553556E-002   4.2916454331135369E-002   4.8100957092001878E-002   2.2105227929614557E-002
  -1.1119081082967107E-002   7.9796667194448945E-002  -9.6850076829477230E-002  -1.7260444377650279E-002   5.1584330887961743E-002
   5.2592197272548413E-003   5.7648938474631935E-002  -8.3929190767463899E-002  -9.9246396146922100E-002   3.1854053943148782E-003
   7.0503539944575866E-002   1.9245200062813397E-002  -9.4587454590170345E-002  -4.3449819495645588E-002  -4.9996884077657518E-002
  -5.7186772239620175E-003  -1.8406790425721836E-002   7.2834124212488929E-002   9.0632169491317291E-002  -4.8088339613114900E-002
  -1.6314470633826635E-002   1.1551034505319632E-002  -6.3821494303062373E-002  -6.9057694821013357E-002   3.4450352389512016E-002
   9.3391711425596699E-002  -1.4414357665371344E-002   5.8274437131576838E-002   3.2830387104854045E-002   4.3803491555267004E-003
  -5.6556901414964875E-002   3.0746894213481188E-002   6.0014219915292613E-002  -6.0443910905109359E-002   3.0600699290865688E-002
  -7.5999946310407573E-002   4.6039170150338371E-002  -5.1758783698755931E-002   5.1592085390666731E-002  -6.4704510876898175E-003
   2.5343621202056989E-002   1.7175349312798037E-002  -1.7041289452137533E-002  -8.5598233738369486E-002   2.8277670198824465E-002
   4.9432891843652148E-002  -1.0932460873728893E-002  -7.8297546023073872E-002  -5.8430074522280988E-002   8.1334825816529760E-002
   3.4487055891339963E-002   3.0152864829868214E-002  -2.8026305597523830E-002  -1.1478976509910357E-002  -8.6990455462430810E-002
  -4.9741074095195598E-002  -6.3905518990280449E-002   2.5455008115715634E-003   2.9048290684425188E-002   5.0541744014647297E-002
  -4.3020973484400885E-002  -1.8089719502968473E-002  -4.3668418633866168E-002  -3.7524358918954503E-002   4.9630052207203297E-002
  -7.1839314121754774E-002  -5.3934488718211861E-002  -1.6529960737534169E-002   5.6876105951732946E-002   9.3786193258885750E-002
   1.7690047505518596E-002  -7.3576741829236708E-002  -2.9410875024705476E-003  -6.6586829324210603E-002   3.5695179764294004E-002
  -4.0029232534869251E-002   9.6166904098497936E-003  -4.7199022031546897E-002  -7.1022648959045212E-002   8.8975125228243510E-002
  -8.0782337180061628E-002  -9.9313136241495990E-003   2.6673519106453256E-002   1.8777192310230319E-002   5.4770665047434920E-002
   5.8527498419180896E-002  -3.1656381073967878E-002  -8.2304658593518862E-002  -5.5230979045328650E-002  -1.7923935403548287E-002
  -4.9771275033031998E-002  -2.1814946895890669E-002   8.8435798527138065E-002   7.7117109656152164E-002   5.2578517478924815E-002
  -7.9741432007725571E-002   1.8806934781396570E-002  -4.4197214119581635E-002  -6.5027907978010877E-002  -5.0166801689663289E-002
   1.3527521746124054E-002  -4.4542842348361499E-002  -7.4235232183375174E-002  -8.2033172499802340E-002   7.7959385645800516E-002
   9.2241431561241351E-003   1.2506466525339563E-002  -9.8631769122383209E-002   2.9144696168434479E-002  -6.2283723068405246E-003
  -1.3313823266322149E-002   4.3408767864905204E-002   3.2096678795493751E-002  -7.2175343329072661E-002  -3.7622608128500566E-002
  -2.7258555399577399E-002   6.3072752594336298E-002   4.6067718435331591E-002   3.2415968928170329E-002  -8.1567655770427794E-002
  -6.5427437715542989E-003  -1.1728794654383489E-002  -7.3082784619534741E-002   3.9936818365575590E-002   3.5704980053381324E-002
   6.1957827467248448E-002   6.0988243544182377E-002   9.7155290784282741E-002  -6.0578167212897742E-003  -8.1115454495784042E-002
  -6.9046924615121269E-002  -2.7164609670889076E-002   5.4108540258668521E-002   1.6740948969686070E-002   1.9442548243202899E-002
  -7.6398996063629251E-002  -4.7233380092008989E-002  -6.7333728722604305E-002  -8.6878424952537170E-002   6.6363376286776521E-002
  -7.0350596443849764E-002  -1.6390220920066586E-002   2.2996168565520243E-002  -7.0179923852931952E-002  -3.6487133270288852E-002
  -1.3595961416356656E-002  -8.5291852358706080E-002  -6.1901205067111421E-002  -3.5855633204054005E-003   2.0837149348225711E-002
   9.8914062600222757E-002   8.0059642695966549E-002   4.8332505311695986E-003  -1.2040529815113771E-002   2.4575524232849064E-002
  -2.4831470446157702E-002  -9.0181773594411388E-002  -6.1558023840190712E-002  -7.7285697795386632E-002  -3.3571181715199329E-002
  -8.8773360039438434E-002  -6.7762076449875627E-003   1.0859697301356873E-002  -6.8279801242350543E-002   9.9185591853559990E-002
   4.6126324384034974E-002   9.3399103718187312E-002   6.3119472018958594E-002   5.9489961897365141E-002  -7.9559156254249933E-002
   5.3362538964505539E-002   6.9824667663605414E-002  -8.3572693496625702E-002  -9.1582541641064108E-002  -1.3556670503585779E-002
 -0.10078442257568095        5.2816583611856309E-002   1.3869088369993012E-002  -6.8001042640183237E-002   7.7601079504079296E-002
  -2.2794730988470742E-002  -6.5181751558319567E-002  -5.4293579496327120E-002   3.2858306647087679E-002   5.8014055651843005E-002
   8.5080242436413513E-003  -2.7116204084575816E-002  -3.8669783626068925E-002   7.3842669454373983E-002   7.6980799231379238E-002
  -1.3505252764075798E-003  -4.4020852116409132E-002  -5.3250151013133282E-002   3.7840599584160924E-002   1.5487502819064563E-003
  -9.7876953162969058E-002   9.4313292846227706E-002   8.8703126100691504E-002 -0.10109565082594014       -4.2106721741396624E-002
   6.6554864530504229E-002   1.0281316074542702E-002  -7.9805632748780539E-002  -1.0877599335092259E-003   2.0170080661690731E-003
  -9.1049164204409921E-002   2.6742385098459068E-002   5.9496910272886457E-002  -8.2670239522012606E-002   7.0968435635543350E-002
  -6.3168332647810230E-002   6.5443278530208052E-002   6.2463567805574161E-002  -5.2821183471470010E-002  -5.8988472021208951E-002
  -4.7995689243798066E-002  -5.2982431008381889E-002  -9.4253344774205799E-002   2.4400885794545749E-002   1.7987336836667145E-002
   7.9166531361468864E-003   8.0206496075296826E-002   6.8716422164567539E-002  -6.2427964351923382E-002   9.4120170868764869E-002
  -7.1083579427246343E-002   1.6893993303883997E-002  -3.4233474357580097E-002   8.9065584358859751E-002   3.5514727148913704E-002
   7.8314516472678466E-002   8.8460006843670669E-002   8.2557831289201394E-003  -5.5695567178871634E-002   4.2516117122513028E-003
   4.2749432422779551E-002  -3.0708620621072449E-002  -7.6222197861396362E-002  -8.6136469117033321E-002  -3.2386789464906897E-002
   1.2987939463165144E-003   6.7875254270704545E-003  -5.7783864460168657E-002   8.5646100067067868E-002  -4.8448223821210105E-003
   4.4795883452266323E-002  -7.5501545372522669E-002   6.2270349283028104E-002  -9.2886465191926004E-002   8.8894056613659733E-002
   1.3146276329798865E-002  -5.2063216176086370E-002  -6.1374019043885793E-002   6.5084891835116065E-002  -4.7384631799078911E-002
  -1.6361729962213866E-002  -8.5065874299736569E-002  -9.9326805397344398E-002  -6.2062549129288165E-002  -8.6719041589431223E-002
   8.4075282640929783E-002   6.4342037546995051E-002   6.9970512051682865E-002   9.2263098442000008E-002   8.4262583375312602E-002
   4.3970968959609516E-002  -9.3969530823475617E-002   3.2885800800774231E-002  -6.5192263708908071E-002   5.6875165075282098E-002
  -2.0052336851689542E-002  -6.6810165481598113E-002   1.7455336133340184E-002   2.3208174009111352E-002   1.3355892874522212E-005
   4.4106693129236062E-002   4.2749286657527294E-002  -4.9083960028063013E-002   6.3600765598861202E-003  -7.7441523735995235E-002
  -8.5234768419369472E-002   2.3022518427958570E-002  -4.7277614011027487E-002   5.5373298121124421E-003   6.2146717401384215E-002
  -7.3821326818204927E-002   3.6044711123233160E-002   2.8289943587387179E-002   3.5557615658217356E-002   4.7833673372428873E-002
   8.9882417990338317E-002   8.9742994424616071E-002   3.0195190755452198E-003   1.7865698972065674E-002  -4.8209834325910250E-002
  -2.4755980634325790E-002   8.0893500441172744E-002  -2.4537997897375895E-002  -1.1058978583497692E-002   4.9349645232244402E-002
   4.5239047439726711E-002  -5.6260017968988267E-002  -9.3573165648156625E-002  -9.1676434849776292E-002  -3.4074114043489939E-003
   8.3325155527784342E-002  -2.5268842398743597E-002  -4.0543863027045879E-002  -8.7905062751609628E-002   8.9670358698032041E-002
  -5.2964973930432195E-002  -3.2362082623966968E-003  -5.1997168737841222E-002   7.7425610905990663E-002   1.0343204867019487E-002
   3.8987162550066318E-002   9.2655173847275937E-002  -9.8224380444810622E-003   9.2695952973593204E-002  -4.2180838612411065E-002
   2.8382643928077236E-002   4.1203856837821962E-002  -9.4605353188606835E-003   6.8656410152011377E-002  -9.4534095767385473E-002
  -1.3270021006881639E-002   8.3538550486070996E-003  -3.6100526956691276E-002   3.3615917713482234E-002  -7.5918457011254242E-002
  -5.9778642330824250E-002   5.3125863271155736E-003   5.4213681270507581E-003  -1.7582741603046179E-003   7.4173431479248556E-002
   9.8019919556683169E-002  -7.7884722139280965E-002   9.5375972037091014E-002   1.8019416532159448E-002   2.1915363176125229E-002
  -1.7410774861162444E-003   6.1885629256507896E-002   8.0080051077830172E-002  -3.2169268890146728E-002   3.7395306934070172E-002
  -8.5085685195631713E-003  -8.5877945798898039E-003  -4.9612056834029507E-002  -3.4376448318380243E-002  -1.1973055898364237E-002
   9.2714694077550439E-002 -0.10167789628050296        2.5471789453255362E-002   7.0089830218859747E-003   6.0793936429122876E-002
  -2.3296786065219371E-002  -4.4549830227020297E-002 -0.10275085722873102        2.2848158870618045E-004   4.4419159489584067E-002
  -7.9539905387496904E-002   8.3240085331242983E-002   3.9321407472249499E-002   8.6951604151837086E-002  -5.3379151895957926E-002
  -4.1057935369096688E-002   7.4490233236306297E-002   9.3404297854360191E-002   1.1552800501246215E-002  -9.0567220741803678E-002
   2.5031689546491223E-002   5.5854617976551973E-002  -4.0102228014104527E-002  -9.9576594083490663E-002  -6.9904639972464738E-002
  -7.1021212112510099E-002  -5.5163543643332161E-002  -1.9560147397957351E-002  -9.6310588925608787E-002  -6.8047038712172353E-002
   7.2352558081159313E-002  -3.9173984505263826E-003  -8.4826782199653214E-002   4.4573915739558261E-002   6.8042773366354767E-002
   7.4529426312084854E-002  -2.8686378074823046E-002  -8.5469982168512326E-004  -4.3317495433815766E-002   3.6803915756202364E-002
   4.9615020632795805E-002   3.7438026504359408E-002   8.5493811364305061E-002   6.1657263169892167E-002   8.2638752491188336E-002
  -4.3323428955283114E-002   6.3276679482570541E-002   9.3340959041863000E-002  -5.8490805566308195E-002   8.8546910062711814E-002
   2.8710811651832271E-002 -0.10092062273516281        2.9547564810027287E-002   8.8281684689341125E-002  -3.0438364766061887E-002
  -1.5188016623750399E-002  -1.1425381392345627E-002   3.5551364628812976E-002  -2.0644831366593772E-002  -2.6285925080433276E-002
   5.0675705720444122E-002   3.7524119743583557E-002   3.3873176205998723E-002   2.7144424523437131E-002   7.0148461766312148E-002
   1.8048275787744514E-002  -4.4292760049807256E-002   7.8744958147090274E-002  -5.8321785679937101E-002   6.7569248430465224E-003
  -3.3099713842374590E-002  -2.3937851281602477E-002  -9.8734026404447131E-002   7.1722203000826643E-002   1.9948970726130760E-002
  -1.5532180639236372E-002  -4.8058505718673636E-002  -9.8336432559727863E-002  -5.7609584284923215E-002  -5.5754081959367346E-002
   5.3377581159577241E-002   2.7841288265957175E-002   2.5200970096765474E-002  -8.6672930465814077E-002  -5.7391252290579502E-002
  -9.6345818741066375E-002  -4.5546107145856232E-002  -9.5950355741811197E-002  -2.4125845954835862E-003   7.1104428472196654E-002
  -2.1679625967440191E-002   2.7532250343882559E-002   8.1074302178098575E-003   3.4222540139129988E-002   6.2757499599033137E-002
   1.9918207372796540E-002   6.9828930433209979E-002 -0.10054532160413343       -3.6924913724542652E-002  -5.5993586422072757E-002
  -3.3769326339060747E-002   3.8448927597540095E-002  -3.9186443141338784E-003  -9.1156102889514590E-002   2.3245488416767043E-002
  -2.2542283066730243E-003  -2.7326347152945851E-002   6.7942697729728732E-002  -2.9299806024111828E-002  -8.7987935253715552E-002
  -1.6614067566984546E-002   7.8249865616179821E-003 -0.10041706063311431        5.9155853595676045E-002   2.0380315226008743E-002
  -5.8815088679536463E-002  -9.4284262109222722E-002  -8.1758924997308358E-002  -6.7943811035132612E-002  -7.3511952224246641E-002
  -4.7327328025563963E-002  -3.2992103627613803E-002  -4.8362399041562643E-002  -8.8262126892110087E-004  -6.4801451910608682E-003
   9.0243253129396028E-003   1.3366979826685136E-003   5.2896950923153892E-002  -6.2151395579720346E-003   4.3929032555854966E-002
  -6.2883944420437474E-002   3.0145481310162685E-002   8.4780074018135532E-002   3.2333371040171525E-002   9.1721678995707351E-002
   5.0579285634089650E-002   2.3706308919393536E-002  -6.2796793047336527E-002  -1.6434408337915329E-002  -1.3827355143402609E-002
  -4.4697015717960246E-002  -7.0403952614571205E-002   7.1926578459646048E-002   6.4100101330750336E-002  -3.9998948606284709E-002
   8.7515739216620689E-002  -2.9002350978021233E-002   9.0740754000051327E-002   4.7346037209686352E-002   1.8448640890772171E-003
  -2.8067197938531387E-002  -1.5589632684676544E-002   2.2210484337608596E-002  -8.4173975801749304E-002   6.3489938092351053E-002
  -1.3803084749524179E-003   9.0106057641793552E-002   7.3406890601535518E-002  -3.6060187702125233E-002   4.4258744658273209E-002
  -6.1349301996535710E-002   7.3047298182180267E-002  -1.4276196845205775E-002  -6.6032309731482677E-002   7.2165489758968570E-003
   9.0682807546961397E-002   2.2173610481423703E-002   5.6379273515947972E-002  -6.5730358671328190E-002   1.1748440478127916E-002
   9.6792060878690217E-002  -4.6898300448293205E-002   2.1827476715961268E-002  -6.9774069675931305E-002  -8.2677572200637039E-002
  -6.5900080908931291E-002  -3.3485833203665064E-002   1.8787919903763724E-002   4.5398366024689350E-002   6.9547865281280000E-002
   2.2339833665414515E-002   8.9284115618206400E-002  -7.6970950101370589E-002  -1.7235326686255562E-002  -9.8409717513573636E-002
   2.0858852724170221E-002   3.1211949384290286E-002   5.0221777674442861E-003   9.1611588189900953E-003   1.0094306365579278E-002
   5.1359284497702981E-002   1.8453836384321042E-002   4.8941038088828728E-002  -2.0804009741922636E-002   7.9302807776161791E-002
   8.8729416813241424E-002  -2.3940445486666840E-002  -9.6279401932623299E-002  -9.3979344769880749E-002  -8.4958672224275736E-002
  -6.3274941867655756E-004   7.3071102052439080E-002  -6.1083542620076351E-003  -8.9922032116971848E-002  -9.6071741077315809E-002
   7.6124725346113559E-002   7.5906004772193891E-002   9.0236801499931088E-002   1.2506017014263560E-002  -9.9999215960604546E-003
  -2.9788706199766507E-002   1.9519615368281343E-002  -4.2602980193882582E-002  -5.4501833216096815E-003   9.4592590684932626E-005
  -6.2385338911281361E-002  -7.7897198348281543E-002  -1.4064319713636454E-002   6.3285424849682720E-002   1.5397684770262925E-002
  -6.0874923440443596E-002   3.6551986893914493E-002  -9.1625539920546742E-002  -7.0232085635066832E-002   3.5859546902399342E-002
   7.3806448291239016E-002  -2.8045312269901708E-002  -1.2314201587142432E-002  -6.4970353349447410E-002   2.4248974203535632E-002
  -9.1613805697048328E-002  -4.2162415201744845E-002  -6.3634045726048555E-002  -3.9203927813793497E-002  -2.4769379637407642E-002
  -5.4475516989989883E-002   7.6631686352606823E-002   9.5980159871579582E-002  -3.6488905095829083E-002   6.6740488058820865E-002
   9.2386664467678292E-002   6.4642797932991727E-003  -7.5998043384791145E-002  -6.7173659255639400E-003  -5.3271283229033737E-003
  -1.7597068571516692E-002  -3.5607762946983437E-002  -8.4687833262886661E-002   5.3577240857863320E-002   1.6730495894313951E-002
   2.9672713676193146E-002   2.8613698079494918E-002   3.8672896226500497E-002   9.0178242424195323E-002   2.9927068505814104E-002
  -6.2905796516849702E-002  -1.6135005097073468E-002  -9.7946533552576390E-002   6.5087196299735126E-002   7.0865198298355730E-003
  -9.0601262044409589E-002   2.8938494494252915E-002  -7.3847723524414779E-002   9.5501071991550127E-002   4.6952896174453597E-003
   6.0510271054918734E-002   8.2371116216206058E-003   5.7675078570676983E-002  -7.7680523775680244E-002  -8.3845433266674513E-002
  -2.9233760585193603E-002   6.9535578099481521E-002   2.0926633614519147E-003  -3.4844284091128164E-002  -8.5037145159197150E-002
   2.4976089247408004E-002  -6.3897065432059188E-003   2.2483603620505117E-002   5.0618940276480416E-002   1.5958485959796851E-002
  -3.1832412684050307E-003  -2.2576631629182997E-002  -9.1148655866567382E-002  -2.5020756582997024E-002  -9.7412728655056693E-003
   4.5636156825298944E-002   5.4653913142938514E-002  -1.2502128995552605E-002   8.0437356074356897E-002  -5.5241355359316544E-003
   4.7376462146002558E-002   7.8598000633170018E-002   6.2502564244487163E-002   7.7689041764894537E-002  -2.6500999405428279E-002
  -3.5060548889456340E-005   4.5082864407727977E-002  -2.6708055234341235E-002   7.3644766161314656E-002   4.9304819892978774E-002
  -5.7159162348264021E-002  -3.5029958413014893E-002  -3.7301406019746380E-002   5.2017243639749931E-002   4.2235411822750382E-002
   3.2661197924579000E-002  -8.0385118347497161E-002  -3.8842309267407095E-002   9.0066270678577212E-002  -6.4747237144404834E-002
   4.2881639252349300E-002  -9.6067941847350027E-002  -1.0345096879127496E-002   5.0766957515410986E-002  -5.1469787973748515E-002
   3.6559502763233602E-002  -6.7371753469538123E-002  -1.6355936915821784E-002   8.3978546875512317E-002   1.3639988327222932E-002
   3.1969216079575341E-002   1.1577824913266938E-002  -1.9890975154395502E-002  -2.6779093667069123E-002   3.2306679652906213E-002
  -1.4546817846152939E-002  -4.1545962691536764E-002  -3.8077680870835656E-002   9.1844826086728781E-002   9.7671450252536499E-002
   9.0526112482355731E-002   1.9494636630920100E-002   4.2609560461603163E-002  -4.7674304162019808E-002  -1.8933477543391281E-002
  -2.0005190014749950E-002  -9.0204949560994174E-002  -6.7490413989059108E-003  -4.6223678302771513E-002   3.3194899240185892E-003
   1.9322181438058649E-002   1.8674490635054542E-002  -3.8081543333718770E-002   6.4166716183381087E-002   9.6325058535058447E-002
  -5.5397022640616397E-002  -5.1065556607848180E-002   5.3179043558082013E-002   4.8709426078923167E-002  -2.6010170385918775E-002
  -8.1322629964740521E-003  -9.7733571643452186E-002   9.1375794731222662E-002  -5.6676720059652845E-002   9.0290784149891362E-002
  -7.8131430762506920E-002   5.6408094546936266E-002   4.6377188272047516E-003  -3.5089493917906334E-002  -8.9860552612795463E-002
  -8.3468708522877702E-002   1.2328703515948889E-002   5.2600674737351305E-002  -4.8257026174279252E-002  -4.4010178966493375E-002
   3.1687928981971029E-002   6.8718206920463015E-002   2.5414676528512939E-002  -1.0145822667802281E-002   6.3610767592528386E-002
  -2.8327909674999568E-002   5.4296062046189468E-002  -5.3824936443396712E-002   9.3056019235604026E-002  -1.0323119085715197E-002
   5.3240855640164855E-002  -3.4722979068394381E-002   4.0977908650612085E-002  -4.5570819195762176E-002   7.5512095082030592E-002
  -1.8994886633227785E-002  -3.5591686551483433E-002  -3.9103186048836835E-002  -7.5175140887134229E-002   9.7630967078985595E-002
  -8.1985082681953342E-002  -7.2511107035184930E-002  -8.8439103849689255E-002   5.9310057990270555E-004  0.10154913866956225     
   1.3912637034154606E-002  -1.4520328304003856E-002  -9.6289901617392162E-002  -6.6849683916315614E-002  -7.8049434889933536E-003
  -9.0523303599622532E-002   8.8624821705939169E-005  -6.6777054194180341E-002  -4.4929058043601401E-002   8.8815056198231046E-002
  -3.5868881571163969E-002   4.9966221991766657E-003  -2.1296550287984401E-002  -9.4946382285731419E-004   9.1078608211089623E-002
  -7.6762457252106064E-002  -3.9817824906368475E-002  -9.7235605781345949E-002   8.8858437311954502E-002   7.4114033957937031E-002
  -7.4092863411085771E-002   9.8561568285907411E-002  -5.7614473595260993E-002   9.0690389178159012E-002  -6.8149194388959569E-002
  -2.1029141922598887E-002  -7.8572919240110818E-003  -1.8742271796107057E-002  -7.7050287338915960E-002  -6.2725859267686410E-002
   8.4454111177427200E-003  -4.7676075763945121E-002   1.3232813416371201E-002  -5.3073215729189493E-002   1.8335892592473636E-003
   6.9088224759617269E-003   6.0846069486591978E-002   3.8224948065876473E-002  -3.0509336816965178E-002  -8.6341756136139827E-002
   6.5455316299457139E-002  -4.0298501622858994E-002  -7.1408910773017156E-002   6.7838067115954914E-002  -5.1964932230738711E-002
  -2.3882382512989516E-002   1.3821699750681664E-002   4.5951114699299557E-002   6.3798426262115307E-002   4.5287165417943712E-002
  -1.4807537137378476E-002  -5.0368256794817934E-002   1.2215997235445206E-002  -5.0255464322220618E-002   8.7229724337594863E-002
   9.2778400141649758E-002   3.2283885792310944E-002   2.7476192377192565E-002  -1.2116475224358937E-002  -9.2625018973327547E-002
  -5.2392737657481252E-002  -4.3657529100261855E-002  -3.7634788661407813E-002   4.4081936157125912E-002  -8.8520321302300767E-002
  -7.2702379068801323E-002  -8.1558675050302301E-002  -3.5699962251480630E-002   7.2972234665132960E-002   8.7241141570044853E-002
  -1.3310590958420699E-002   7.8861316568646395E-002   2.9295500187164435E-002  -4.3507168639129380E-002   7.5547802145896528E-002
  -1.8008386626786879E-003  -3.1575370251484089E-002  -9.3951989844394540E-002   7.0010229036744004E-002   1.7624860315376849E-002
   2.9744645988751053E-002  -3.1485927273023115E-002  -8.6899578855628226E-002  -9.9702646244328591E-002   8.5923121983854281E-002
  -3.2721998563048277E-002  -2.3104249158690030E-002  -1.0573455989153673E-002   7.2513089807805783E-002  -5.1852946731679693E-002
   1.9446491112259653E-002  -9.6830013898024564E-002   1.3810159086295922E-002   8.2740071364137954E-002   5.8355908220642752E-002
   8.3253296233211108E-002  -3.4762820410476118E-002  -6.8534457180272637E-002   2.5651559256935436E-002  -8.9324801492031286E-002
  -3.5444333232357177E-002  -7.2895830226859762E-002   5.6817731898709041E-002  -5.1482988530059337E-002   2.3588083871397051E-002
   6.0627010222370568E-002   1.7741570704441666E-002  -9.1876189085169976E-003  -4.4224550093561188E-002  -2.9432445632425662E-002
  -1.6477120299989323E-004   8.0475061766566491E-002  -5.0690657345245874E-002  -3.8230549557586803E-003   5.9507817118925291E-002
   7.6588897971042749E-002  -3.4898052714636724E-002  -8.0345012582826073E-002  -2.3634187982028147E-002  -3.2394092782872118E-003
   4.1841028220253498E-002  -1.6773352931074691E-002  -6.3324068603532888E-002   2.5070805629156090E-002  -6.3773467515911064E-002
   9.2138555712200226E-002   9.5725790677542763E-002   6.7195369252975437E-002  -9.1240607757650333E-002  -1.6830368296631308E-002
  -6.5606087229292939E-002   4.1080448967292169E-002  -9.2221435072902203E-002  -6.3683679329000653E-002  -8.4372836344450385E-003
  -5.3005296678386944E-002  -8.1492279072433282E-002   8.0183081852141833E-002  -2.3531457620636648E-002   3.3577362846827025E-002
   6.3558293786520406E-002  -6.0477428933875636E-002   7.9220654784401046E-002   5.9609398231051519E-002  -2.3424826437886983E-002
   6.5013270288924258E-002  -2.7442415354368557E-002   7.0621121997008721E-002   6.6128875793235273E-002  -8.5072479347264793E-002
  -6.1254733833301087E-002   9.5088979221547423E-002   8.1797361295299006E-003  -2.0105067927796171E-002   6.4284581452212552E-002
  -6.5971601917083400E-002  -7.7825152280714969E-003  -6.0006688511312252E-002  -2.7888227711221295E-002  -7.5335975283907800E-002
   5.9492539176714203E-002   9.4238171960493708E-002  -4.4067593105731384E-002  -3.4426370022657540E-002  -9.7986318322273960E-002
   3.4939839206185819E-002  -9.7780101610680042E-002  -8.7579160911639573E-002   8.3095030434258740E-002   5.2712570388325400E-002
  -5.7978874797614099E-002   1.6576011570525247E-002  -8.2381958810608419E-002  -9.6274950155409100E-002  -4.3315008982397554E-002
  -8.2641694811588220E-004   1.8253306443001421E-002   1.3398683647553016E-002   3.4805614405662377E-002  -5.5109492668407506E-002
  -8.4419499519484881E-002  -6.4551984505477639E-002  -9.0789463550922878E-002   3.6101437679492601E-002   5.6865881940573265E-002
  -5.6962015673136267E-002  -2.8180086741064689E-002  -8.5680668331965498E-002   7.9319137742471617E-003  -8.1637206195469464E-002
  -8.0985229254335225E-002  -6.5378527868668684E-002  -5.8448656649440003E-003   5.6691762531290796E-002  -8.1937436500412672E-002
   4.7873024135880347E-003  -2.6276886720576462E-002  -7.1296624251520918E-002   8.1418902872525001E-003  -2.9220380929844032E-002
   3.7330914593094462E-002   9.6734551256208532E-003   4.7496364639633928E-002   7.5645871982352939E-002  -2.1105726327989006E-002
  -6.9742011488890032E-002   8.7660197303165141E-002   2.1276528202153935E-002  -7.2864249233891620E-002  -7.9840628384360471E-002
  -8.2782680104591763E-002   1.8668269635053840E-003   9.7261584782804000E-003   1.8661313172731498E-002 -0.10027021035346466     
   1.2712711109478581E-002  -9.5470089120530816E-003  -3.5356299124630494E-002  -4.4156843528756977E-002   4.3044984453496964E-002
   3.2180284547030230E-002   9.4681156627213617E-002   3.8146189210382840E-002   9.2757759294774492E-002   1.2799568394536540E-002
   5.4269676622121253E-002  -9.8123289657986723E-002  -2.1771394209913610E-002  -2.2433668129818334E-002   9.1139292737791061E-002
   9.6155011335951168E-002   2.9021883376963629E-002   8.8732742078224208E-002  -8.8404304249726035E-002   9.7252178345611118E-002
   2.0193917960450235E-002   1.4472226208589780E-002  -4.3363680969375408E-002   3.9517499834321484E-002   4.4179710000039701E-002
   9.3702617971080329E-002  -8.4611229094518570E-002  -9.4594357541496366E-002   2.0734991160048472E-002   8.2359265543294993E-002
   8.4087765346758048E-002   1.8254167900049641E-002   7.2450224677051478E-002   8.0607928553734318E-002   1.0831540675758497E-002
  -7.5935824468762361E-002   1.1893537976892146E-002   5.3504443087114308E-002   8.8863017808177049E-003  -6.3202932333005418E-002
  -4.6040035649949837E-002  -3.7426763303513438E-002  -9.0890615158131224E-002  -7.9470395275370143E-002   2.2301819892683594E-002
  -5.5433407549123374E-003  -2.4527282580028155E-002  -7.6971260996922558E-002   3.1029071520598524E-002   3.1261557787075588E-002
  -4.1480772616428560E-002   1.1910174420932644E-002  -3.8904240348363997E-002  -8.4742622392814604E-002   2.5870879509442019E-002
   1.5060747311018899E-002   6.9482829993095782E-002  -9.7167190970719377E-003   6.8598839791459448E-002  -2.6714138700538965E-002
  -5.3444556250460866E-003   7.4626772683073606E-002   9.5883342564737420E-002   7.3837684989809327E-003  -2.6473129694556470E-003
  -9.5697159696320394E-002  -1.0692736068372994E-002  -6.6464495791108885E-002   4.4833144714722932E-002   1.8356037426786178E-002
  -5.2880608913918874E-002  -2.2736822791808227E-002  -4.6590699610097826E-002   3.7937370972109606E-002   5.9619621102186035E-002
  -6.5528777775592711E-002 -0.10076511606638970        8.3158476071556256E-002   5.1138925238259324E-002  -1.2081921694025288E-003
   1.5441765041621352E-002  -1.2651542758519561E-002  -6.0584229221772118E-002   5.3016936314167096E-002  -7.5805294711154977E-002
  -4.8309919105842578E-002  -5.1672156915643266E-002   8.1165351593975449E-002   9.6483064340500982E-002  -9.2738718830115099E-002
   5.5680703023890152E-002   1.6542368463219430E-002  -4.3179571889238808E-002  -4.1240489086241082E-002  -9.4431922949351182E-002
  -2.3238381782440837E-002  -3.2012744506814572E-002  -7.8160696103306032E-002   8.2600173528270884E-002  -5.8572169009026058E-002
  -5.0331878758985565E-002  -8.0273397230019347E-002   4.1607278848431323E-003  -1.7248783051099895E-002  -1.9206977832949446E-002
  -9.9975095961006871E-002  -7.2466748041573811E-002  -3.9931909303963148E-002  -8.5494668365864182E-002  -7.7023662644083904E-002
   7.5882845117454800E-002   3.0773425849351038E-002   6.3032878592157088E-002  -4.2227452054661635E-002  -7.2517505339002086E-002
   1.8120318471415865E-002   8.9817646178305566E-002  -5.8156124828210129E-002  -3.9299145345433016E-002  -4.2230127394169620E-002
  -1.1860895768366152E-002  -7.0386651642090500E-002   3.2108106610440557E-002  -2.9203051428386272E-002   5.5706550118182922E-002
  -2.8185364874347290E-002  -4.9341789195523532E-002  -3.0945964561376712E-002  -9.6279753627816503E-002  -6.7598628593235829E-002
   1.3661819766057104E-002  -3.5867026159000649E-002   6.4894787496471082E-002   3.1658256195971506E-002  -9.2178523101221918E-002
   2.2903615640048756E-002  -6.5247811429277477E-002  -1.2050014147803012E-002  -5.0396071332596069E-002   9.4245609082866832E-002
  -2.6972667074470120E-002  -3.9719469677039418E-002  -1.2735373608242366E-002  -4.4382216327527334E-002   5.0830256658142788E-002
  -7.7809057180227445E-002   4.0742428512270244E-002   9.2034249503695834E-002  -3.9881776477785000E-002   6.6696629515447517E-003
  -7.7883628881628125E-003   5.8769072860260570E-002  -3.8633784844585080E-002  -2.9026381969749463E-003   1.8236175199056848E-002
   2.3342543720342234E-002   5.7186039719795696E-002  -9.5550649234456692E-002   1.1814498316340762E-002  -8.2658869004915911E-002
  -1.7927823981052912E-002  -3.4023524056378894E-002  -1.3383456671462120E-002  -7.7039719610940693E-002   7.5239519973497496E-002
   6.8812670017908556E-002  -3.4785773637509031E-002   2.0587316325698501E-002   4.4512606017332625E-002   7.9493577429033846E-002
   6.7040731294760111E-002  -5.5895147331422243E-002  -8.0613400425839171E-002   6.0057637519048863E-002  -3.7195130217208668E-002
  -8.6086760499950333E-003   9.3744964067047250E-003  -2.0071159125574025E-002   5.3767360223815940E-003   5.4649348713467140E-002
  -5.9707119141068701E-002  -7.4782553206286614E-002   8.3587405469573356E-002  -5.2218271651683790E-003  -5.9160066419967530E-002
   1.0985426541851707E-002   3.3210101637989931E-002   3.4479125221307055E-002   5.7226660552535894E-003  -6.2925647311600330E-002
  -4.0117002775909849E-002  -4.3280774349749564E-002   6.0611376807837798E-002   5.0215323082508416E-002  -3.0168050321419244E-002
  -9.9609181642503659E-003   8.8851828684692880E-002   9.7531642354256667E-002   7.9671765717812204E-002  -2.1340700384541549E-003
  -9.9414113446446711E-002   7.3821763233863510E-002   2.8180389904789122E-002   5.6078900628604940E-002  -2.1580323408340246E-002
  -3.1193105477457031E-002  -1.6557645173673100E-002  -7.3424807781158855E-002  -6.6320901279669400E-002   8.9737507656611801E-002
  -5.9706641352127339E-002  -3.2653826930263384E-002  -6.6877417732311137E-002   8.4581841222645476E-002   3.6309940150179430E-002
  -9.8560303610248964E-002   4.7438013719111903E-004  -6.9774273431581824E-002  -9.9567994660808012E-002   6.2261925294512764E-002
  -8.0359678647907481E-002   7.1111921222887552E-003   9.4130564254698720E-002   5.5398693996010537E-002  -1.0448711311580858E-002
  -2.6268854646826274E-002  -2.3697461234724274E-002   6.6661311721404506E-002  -7.6188923926349988E-002  -7.9332510832234887E-002
  -6.6820244587244754E-002  -4.7282624493548205E-002  -5.4241545613698122E-003  -5.0886922248293304E-002   1.7031455663445515E-002
   2.6157831934669855E-002  -8.7221175482137647E-002  -9.5134662428444219E-002  -4.2133673463892594E-002   6.8665754366565551E-002
   5.4092225256297692E-002   4.4430966030499829E-003   5.5841012102430108E-002  -5.0391047657418316E-002   7.1895676167519920E-002
   8.3400458172609479E-002  -5.1722812911047578E-002  -5.4279904224420222E-002  -5.3164084518228232E-002   3.8529237554239128E-002
   6.6358405895239447E-005   4.6123354406180594E-002   8.7777013040977625E-002   4.1665461668094254E-002   8.1804937700967736E-002
   8.4553870516621069E-002   6.5910218775386345E-002   6.0406745817633473E-002  -7.6163752561508466E-002   6.7613453449212269E-002
   8.1438158256598323E-002   6.1575381337564662E-002  -6.5632767584908186E-002  -3.5456231874418545E-003   4.9630607691352087E-002
   4.6698832002809575E-002  -6.6992151280227341E-002   3.6384135322964931E-002   6.7142547316043522E-002   3.1953425926432829E-003
  -8.8083857301801141E-002   1.8340326442976649E-002  -6.2422107327367908E-002  -8.7500656829292631E-003  -3.5017765108359217E-002
   1.5294497532187078E-002   2.5371912500357172E-002   8.3058927472241233E-003   7.3721907570817535E-002  -2.0699783799737338E-002
   1.0818896738117659E-003  -7.2416868547377569E-002   7.3446071520830242E-002  -6.4971388136030289E-002   3.8832990607689396E-003
  -7.5490229168499595E-002  -4.6849622001803780E-002   6.0405141995712258E-002  -1.9020820718883300E-003   7.2224813842897306E-002
   9.9545197330492885E-002   8.1309357546455921E-002   3.2191889562242490E-002  -1.9900603093233230E-002  -1.4843978054509573E-002
  -3.9567700669690939E-002  -2.8976006748538462E-002   5.6326719324960653E-002  -6.0185281457004823E-002  -3.8811594319698425E-002
   9.6608301313971384E-003  -2.3914526174816972E-002   2.8811802172397497E-002   1.6828844212459559E-002   5.6220815862388848E-002
  -5.8416033755039919E-002   6.7706744275692538E-002  -6.5669710925844935E-002   8.3249984178066977E-002  -2.1939487165368903E-002
  -3.2267699818002593E-002   7.6599606175876980E-002   6.6452154563293425E-002   9.1716155820403378E-002   1.9812379271258434E-002
  -4.4183474395348095E-002  -2.3896172042896346E-002   8.7160237689927145E-002   1.7828964280890095E-002  -3.0757738758656197E-002
   6.0028596509330033E-002  -3.5357541247736241E-002  -8.0613350557157543E-002   6.2447956925684785E-002   3.1174806750773335E-002
  -7.5783442333658343E-002  -5.9281547702038466E-002   5.2464574009056554E-002  -7.1774069363026646E-002   8.7136258671936511E-003
  -1.6908811135106328E-002  -9.2292754580347483E-002   7.2611925234144684E-002  -4.1729872005930896E-002  -4.0886178947184409E-003
  -9.1173007727269301E-002   9.5531715661701461E-002  -4.1008959862661169E-002  -9.6822365009741188E-002  -7.9463550101388031E-002
   9.1677312323710514E-003  -9.4861269218474778E-002  -2.3206266423243978E-002   6.5843564921629100E-002  -4.6895041537063441E-002
   7.2226822329151674E-002  -9.7308772976756122E-003  -9.1588069343900444E-002   4.5124684660841049E-003  -9.7146274454468981E-002
  -3.8557720693474171E-002  -9.9723609143636247E-002   4.8386040868699805E-002  -1.6883606363559147E-002  -2.2625803209106607E-002
  -4.6198068810874668E-002   7.1388751294792649E-002  -4.0768343124412396E-002  -8.8025921146663286E-002  -4.1844892774678205E-002
  -7.7740561666121935E-002  -5.9301130020988448E-002  -5.6024659279922999E-002   3.9617241086197130E-002   9.4271374322005969E-003
   3.2985190977878498E-002   6.8603755938980604E-002   9.8938573729207089E-003  -1.1601439300331127E-004  -8.7317165830569393E-002
   5.1583629988304958E-002   9.3456408917673608E-002   6.8392380251037110E-002   1.8668067603224526E-002   1.9357695743496450E-002
  -2.4655822772242791E-002  -2.7670567128241383E-002  -2.6201122147071002E-002  -3.9177089206964458E-002  -7.6680997209924356E-002
   7.6162411715812880E-002  -5.0188069369336043E-002  -5.1747794199020695E-002   9.2734873004298418E-002   6.7584173986787302E-002
   2.9248428940975305E-002   6.7017339094077547E-002  -2.4370438117006545E-002   1.0307595679685632E-002  -2.6634915836008164E-002
   5.4913752915350771E-003   7.5007499815680774E-004  -5.4368025428357834E-003  -7.9057450353209699E-002   4.1546100474061765E-002
   5.7981846743440597E-002  -4.3171943863648331E-002  -5.9574010726492793E-002  -4.8525100616238562E-002   4.9518370018113073E-002
   1.7518175256701677E-003   3.6523053032476181E-002  -8.7480783147833391E-002  -6.3705127947547568E-002   8.3034121202583536E-002
  -3.2769612200300280E-002   3.2623867066391755E-003  -3.3389052800668756E-002  -6.7721732056746781E-002  -1.9864168099106225E-002
   3.3807747269071368E-002  -7.4657380304718288E-002   4.3926838243625208E-004  -9.4229245661387448E-002  -8.7248053732327510E-002
  -8.2241304078420910E-002   1.8688895376136605E-002   5.8232863581440086E-002  -1.8361344675337787E-002   7.3224832742070450E-002
   2.9736164545360946E-002   5.0903590089865371E-002  -5.2765422244128883E-002   4.4680681480107738E-002   2.4132426240279239E-002
  -9.8631810440669557E-002   3.2085075179845372E-002   7.4705159818242287E-002   7.5569264754849361E-002  -5.8418247804540059E-002
  -8.4497385104064293E-002  -8.3349184748379698E-002  -4.4061285223858611E-002   9.5538018178054282E-002   8.2470891603945246E-002
  -6.2349137219303331E-002  -5.1335990654479205E-002   6.4597199125502019E-002   4.2182064378226405E-003  -8.3708319010880328E-002
   8.4854447074699108E-002   1.9085427765094521E-002  -2.6197910150523803E-002   8.8323239437974710E-002  -4.0831739269683462E-002
   6.6870209814896497E-002   9.9212589593645151E-002   8.6239858743249867E-002  -7.6641771954102794E-002  -4.0421272691486272E-002
  -4.6554271482706662E-004  -6.1294534895060555E-003   2.0655172268255789E-002  -8.0715615917735503E-002  -6.1000622643146110E-002
  -8.5719560889503846E-002   6.5290408186165022E-002  -9.6401875151974070E-002  -5.0894715972608251E-002   1.1210709022957347E-002
   6.6018013186301183E-002   3.3203045188032201E-002  -3.9640747822286354E-002  -4.5855364088344307E-002  -5.7859870149581188E-002
   1.7018469137980500E-002   9.4232205947197015E-002   7.0297636706213390E-002  -9.4569871914726766E-002   3.5542911469471001E-003
  -7.5804849139869956E-002   3.2211584837004002E-002   9.4078321340085633E-002  -5.8501296636376656E-003  -8.9858475711998134E-002
   5.3753123387517811E-003  -3.2925749753367657E-002   1.4359161962600767E-002   5.2389618029813644E-002   3.0851724812648414E-002
   7.0985280496608585E-002   2.4337785109557003E-002   1.8539394076590939E-002   4.9901981767445744E-002  -2.5176551940829354E-002
   8.4987445862582042E-002  -2.7516244247654056E-002  -5.3665400798472797E-002  -6.8839616309280718E-002   1.8213923342905967E-002
  -4.6257590546257978E-002  -3.5193682627912705E-002   7.8518583863722055E-002  -9.7873317859694345E-002   7.1969948535073949E-002
  -9.2440558277593163E-002   9.0052920611842113E-002   9.5676362060547152E-002   9.2913366149242810E-002   4.3425898359330063E-002
   3.5979623993202217E-002  -3.4092335769053191E-002  -3.9448033871690547E-002   1.3562857139640095E-003  -1.7227726205063895E-002
   2.7505894916756246E-003   1.9635550474492617E-002  -7.3010209248881033E-002   9.1758486357606930E-002   9.1782381757655726E-002
  -2.0242311482225765E-002  -1.6865220798828180E-003   3.7667501578742393E-002  -6.0892691758279854E-002  -8.2447320862440165E-002
   5.8428535170816885E-002  -7.0839325516876633E-002  -9.1507986983662998E-002   8.6076291845695749E-002  -9.3965830255722596E-003
   8.2487126347404752E-002   6.3728480443606822E-002   2.7914451802444097E-002  -6.0500909169583755E-002   7.7507609007037501E-002
  -7.9481535485497204E-002   7.9503100529052489E-002   5.7983154916498608E-002  -7.8670774872597882E-003   2.7553857140555710E-002
  -6.7191177199906957E-003 -0.10003724570388367        4.7440227353632090E-002  -9.9456267123495590E-002   5.8388329511452564E-002
  -7.9846859922163324E-002   6.3831003483843907E-002   1.6840648663207083E-002   9.6042255657940806E-002  -6.0369891749050247E-002
  -2.0563362015470249E-003   2.7883709562665237E-002  -3.1164638026638040E-002  -1.1924321541473748E-002  -5.0163909543735931E-002
   2.7758633827927634E-002  -6.8640317752886149E-002   1.2309765440945204E-002  -7.5137101818743991E-003   7.6353811520708276E-002
   1.0818883689678271E-002  -7.6038761048008635E-002   6.3571290053655916E-002   1.5130284919511023E-003   5.3404873818926335E-002
   1.8465101965877074E-002  -2.6435663011570819E-002   9.8403244487824240E-002  -5.1051380144444061E-002  -8.0125888154315150E-002
  -9.1962710640802872E-002  -8.3817238120243946E-003   2.9996690467974155E-002  -2.8498887921520784E-002   6.1121609966899360E-002
  -8.1519153437317124E-002  -7.7522278278953041E-002   9.6224938585307535E-002  -7.8977639340751526E-002  -4.4626927414456508E-002
   4.5076182411469774E-002  -3.9662879251863375E-002  -5.4293821995496386E-002   6.5400405448027540E-002   7.8474758793524321E-002
  -6.4260555180609231E-003   5.7817651507809965E-002   5.4726811887150457E-002  -7.7910614464654498E-002  -5.7744131981761378E-003
   8.2764036226643134E-002   5.1579505847290104E-002   5.5931954526421579E-002  -8.1803187986987089E-002  -4.0726113058021707E-002
  -8.2729544949272524E-002   3.4701287952497113E-002  -5.0292832126314642E-002   3.0979776756504651E-002   1.2069153137551499E-002
   4.6330738333380535E-002  -7.0939765934875013E-002   1.7086520337380069E-002   2.0490290390100419E-002   1.5095318118479643E-002
  -6.6210717661337626E-002   5.6386486065210240E-002  -2.4959199530044524E-002  -3.6844582774293810E-002   6.6419596966577812E-003
  -8.0726574961533959E-002  -5.4184344093291308E-002  -2.8363502921212279E-002  -6.8916391826182283E-002  -8.8166334578565236E-002
  -6.4156185949107075E-002  -5.2641570590198278E-002  -9.6608774055922594E-002   7.7861268287863772E-003   6.3304034092396461E-002
   8.2562124325473801E-002   1.8024182723602056E-002   3.4190938186038994E-002  -4.6819798541575405E-002   1.7063324785934350E-002
   5.7508240763764935E-003   3.2293644051901362E-002   6.3918872522567222E-003  -9.1574103980781363E-002  -8.9116112056939562E-002
  -3.3268368573198967E-002   5.5684376125229952E-002   5.7283986739625675E-002  -7.0736580385618846E-003  -1.4418880117026221E-002
  -1.6009694196220188E-004  -3.0725934471556048E-003  -1.6419768418749116E-002   5.2558223740543204E-002  -9.5967238613470743E-002
   8.4605641257877257E-002  -1.9207865778399801E-002   7.2936278378284633E-002  -7.2756786696257444E-002  -1.3559534457122406E-002
  -2.6557885476619678E-002  -3.4982712431159496E-002  -7.6894316464054827E-002   9.3735012627454997E-002   2.7377787612616479E-002
  -8.0186413542034443E-002   4.9010396514002033E-002  -7.3814127197423238E-002  -9.8006925401106157E-003   4.4434230373086865E-002
  -3.9346633070822517E-003  -7.7734871682255596E-002  -2.2540599406200238E-002  -1.1015136493528472E-002  -1.9872132967910270E-002
  -3.5859397595483657E-002   8.2585765612534723E-002  -8.3191544824169045E-002  -1.4972063014867929E-002   6.5334798702480846E-003
  -7.3703535018431271E-002   3.7613962032116838E-002  -6.8136822513115772E-002   4.7305265881777185E-002  -7.5477794971912482E-002
   3.8752111706697269E-002  -2.2273290463975224E-002   9.3674584994547325E-002   1.8386659987909039E-002   7.2263115409704912E-002
   7.4274543043125182E-002   1.1074934972949030E-002  -1.8612873609581984E-002  -5.9438195863417205E-002  -7.2145859186538569E-002
   6.9223401635505458E-002   5.4942012230405152E-002  -1.3041691027360740E-002   2.3112525618439118E-002   5.0668498558602643E-002
  -9.3333293176410176E-002   1.4880716182642086E-002   4.7536974800847571E-002  -5.8036031513284805E-002   4.8321748939695826E-002
   3.9788678834915665E-002  -9.8238743488070962E-002   5.4440346662814353E-002  -6.6384367473291017E-002  -8.1814953309659752E-002
  -7.3513974007373112E-002  -1.1097217498493414E-002  -2.0586899325712514E-003   3.8679361010356406E-003   6.8429925748769563E-002
  -1.7809846590091768E-002  -5.7358776512679455E-002   3.4636072479638881E-002  -6.2149545086092869E-002  -8.1149027762436460E-002
  -6.3808556359418275E-002  -7.3796845335769801E-002  -6.8961862199477817E-003  -6.5907810665974315E-002  -7.8879798141895760E-002
   9.9341001264318662E-002  -9.8382420547719687E-002  -5.6993898839602097E-002   8.0198417949750786E-002  -3.2173998612914013E-002
  -3.6914704656806338E-002   3.5285114172385029E-002  -4.1653864021333815E-002  -6.6462051528814708E-002   5.2595826434928425E-002
   7.5442318456977062E-002   1.3681557209387627E-003   4.3073984583780714E-002   1.2052191230726398E-002   7.1118596068836706E-002
   4.7130628721392551E-002  -6.1751997687051939E-002   5.4671637458673740E-002   8.0494602853653938E-002  -1.7742850185064633E-003
   3.6750153751583289E-002  -5.3755162168056196E-002  -8.8801759604157718E-002   5.9020204646925110E-002   3.3761407117989772E-004
  -6.5350661675662863E-002   2.6294598876623377E-002  -7.6463772079844880E-002   1.3897623784495010E-002  -9.5688330866206733E-002
  -7.6290722611485505E-003   1.6172577699739631E-002   5.6240197565732572E-003  -5.2683650048871968E-002   9.5784162563311792E-002
  -7.1786060818991970E-002   9.4416700353330288E-002  -7.2134965338456564E-002   3.2827787169254517E-002   8.4508045177490790E-002
   7.9462991899223512E-002  -1.4948767170562023E-002  -4.6674261237842234E-002   6.2873098693143961E-002  -6.5457143140101745E-002
  -1.2193659970765942E-002   3.5561146147036232E-002   4.0100578637985978E-003  -3.9566260380684753E-002  -5.9267761338885963E-002
   4.8610977197564173E-002  -7.1607250407609263E-002  -2.7143412338229374E-002   6.7286609227879851E-002  -1.3275018961943484E-002
   1.6127818757075245E-002  -3.5675060200582573E-002  -9.7585011860660154E-002   6.6149414792897904E-002  -5.0330902540597619E-002
  -7.3111404022052420E-002   2.2915692683866909E-002  -5.5344729424521656E-002  -3.2848405952358432E-002   5.0437035470725880E-002
  -1.4023811466299075E-002  -9.2550399007845535E-002  -2.1836325945763402E-002   9.2598447764378519E-002   4.1326711293923374E-002
  -2.6823835611748972E-002   3.8025114367157692E-002   7.6589807149048186E-002  -9.1501939562786599E-002  -5.8961334832931832E-002
   5.1313431110817383E-002  -9.6945210485397809E-002  -6.5033294223549656E-002   8.7224690184088627E-002  -2.1920679516613684E-002
   2.7892872796855029E-002  -5.7453504088075251E-002   3.9626782068962862E-002   5.8673323609962511E-002  -9.3221072063795596E-002
   6.7782145004274041E-002   1.2358091253200540E-002  -9.5701197161714102E-002  -2.7474528927469849E-002  -4.2974166136293311E-002
  -7.0868720218053127E-002   4.0367254491614143E-002  -8.9253835246006913E-002  -5.5067324288696533E-002   1.5502489736565674E-002
  -4.7019938432260461E-002   7.5647718765160993E-002  -8.1846197978937968E-002  -1.7699703509496543E-002  -1.7049097769542259E-002
  -5.5280915720046508E-002  -9.9144248988193538E-003  -6.6672207637521311E-002  -9.5956342202252659E-002   5.8620783968219577E-002
  -7.0058609937742988E-002  -2.8158678552902563E-003  -7.9817368434694475E-002  -6.1284462919999599E-003  -8.6707036933613868E-002
  -3.5550515214169014E-002   7.8285182593020447E-002  -3.4286288296479721E-002  -2.7281370636955841E-002   5.5177803854878169E-003
  -3.0458401303491870E-002  -2.8169758945206614E-002   6.4864504989941372E-003  -5.3833680329693108E-002  -5.6673717130220701E-002
  -7.9969851390877478E-002   6.2290924263286022E-002   4.2907430991057885E-002  -1.6459090736326648E-002   1.5469011015732238E-002
   5.5178514575693668E-003  -2.5284918690145545E-002  -3.4678681215779814E-002  -4.3738372758887818E-002  -2.4091880988042713E-002
  -2.6263302939617216E-002  -8.2289358047793887E-003   7.3083411384216548E-002   5.6253120183655976E-002  -6.1542419377270299E-002
  -4.1655952551635719E-002  -5.0609341597591586E-003   5.1387447430844169E-002   2.2511117043388928E-002  -7.4930845472851171E-002
  -4.0460402298217353E-002   3.0496941217292576E-002  -9.9438303784113474E-002   9.5296976813951870E-002   6.6617376023676927E-002
   4.2562222095025394E-002   8.9544731490548465E-002   6.5912555104361290E-003   2.8417893771562612E-002   4.9135909559439465E-002
   6.7903541221553593E-002   1.0883902760800670E-002   9.1485802992460036E-002   2.1345615808206382E-002  -7.7361421256393989E-002
  -7.5791580669887559E-002   5.7984067254042398E-002  -3.3738785469884507E-002   2.1174197194952112E-002   4.1083368094503789E-002
  -3.7496657689436712E-002   8.0873849368362283E-002   2.8957742458701891E-002  -5.8809829946023164E-002   9.9809909478833572E-003
   8.1330503746354907E-002   3.5406901742782902E-002  -5.3534709438767689E-002   3.7258312614627150E-002  -5.1537017872976786E-003
 -0.10183363280155798        8.5369664331285650E-002   4.5639003399991260E-002   1.5952707706656827E-002  -9.0708635470643978E-002
   3.6305867156045848E-002   2.9112911681071607E-002   7.4721214521639642E-002  -7.8426573052030504E-002  -6.8286707754805040E-002
   4.1510968868275922E-003  -2.5520577277649142E-002  -3.3144553508268747E-002   9.2242770647010513E-003   8.0993863767595486E-002
   5.5104906168220995E-002   8.2584392474938539E-002 -0.10315407913663087        9.5339201238583748E-002  -1.3069348168931459E-002
   8.3088807635257628E-003   7.8585676259255180E-002   3.7593846277170738E-002   1.8880936658332999E-003  -7.4066580744046734E-002
  -5.0962440643410205E-002   3.9333605758547503E-002   6.0720813698606234E-002   5.8550847861373538E-002   8.0299747208922318E-003
  -3.0270113333921243E-002  -7.0872811171569239E-002  -4.1099022385321891E-002   5.8950457219624788E-002  -8.0579773527884618E-002
  -3.3077851962317356E-002   4.2420269372059081E-002  -6.1694195594536101E-002  -5.3816036710154516E-002  -1.3312242592517209E-002
  -3.4778608586671228E-002   5.4848320067944600E-002  -7.3600874555402193E-002  -7.7152311995532352E-002  -4.0854644231370241E-003
  -8.8977228682167189E-002   5.9746630835695841E-002  -2.0677332564968502E-002  -9.0075646880133503E-002   6.2271195876159015E-002
   5.2682655715191526E-002   2.9123187280188433E-002  -4.3530414951870204E-002  -2.1724886586584270E-002   4.1450269328414974E-002
  -3.0553056563207307E-003   4.5336412773760028E-002   7.3792335579145066E-002  -7.1750044509499525E-002   8.6061575630037954E-002
   9.6049003935441912E-002  -6.3128038430630584E-002  -3.5914636133558255E-002  -9.7849623079400344E-002  -6.4434729341887612E-002
   5.9593177955212240E-002  -7.6745454541523303E-002  -3.6255331148276788E-002  -9.6523260128642291E-002   4.3098371965714928E-002
  -4.2568532433071099E-002   7.8000060700162188E-002   6.7552278330982138E-002   5.8230249161368215E-002   8.0197681710257054E-002
   1.3897074435282829E-002   6.1219903239798923E-002  -7.1884001663985356E-002   7.5688106989307516E-002  -1.9537303830305238E-003
  -4.9727026109938621E-002  -8.4189371602411814E-002  -2.2452913031375452E-002   9.2149998115621398E-002  -2.6649809120026166E-003
   5.7647474724104163E-002  -1.8759164677651326E-002   3.2607921248182577E-002  -1.1991713207236266E-002   4.0222678747806433E-002
  -4.3594098049808058E-002 -0.10081203637253582       -7.0191912705058840E-002   9.0023227185803939E-002  -5.5908680479448802E-002
  -6.1704243347617753E-002   2.6927502061513616E-002  -5.3562977057621712E-003  -8.0787368479945873E-002  -2.6057124349293883E-002
   7.8552570347260209E-002  -3.9705654003935047E-002  -8.2019797423932311E-002  -9.2939238720322170E-002  -8.0113755416200430E-002
   5.9542732963625881E-002   1.6912599299087918E-002   9.5847269100887200E-002  -5.1308270772537037E-002   7.6524280703813730E-002
   2.2626173669351372E-002  -3.9066603734755527E-003   8.2817366450521596E-002   5.6051079762660730E-002   5.4210195855763213E-002
   8.2389792299799688E-002  -1.6064478168217277E-002  -9.1072623721620369E-003  -1.2673935525552993E-002   3.5949139277581518E-002
  -6.5798970994268666E-002   6.9590414706246481E-002   1.9079143022132233E-002  -7.9168383748021695E-002  -1.0505313982406062E-003
  -5.6642623395958602E-002   9.4263234109640701E-002   6.1369866112346121E-002   2.8157639710625848E-002  -9.5669721974358829E-002
  -7.1016855371475382E-002   2.4248917663076769E-002  -1.0747998043630358E-002  -1.3265176841373561E-002   8.8095380961041692E-002
   1.6937280227157354E-002  -6.7047506102935583E-002   3.4649133064176232E-002   7.2183532938590207E-003   7.8289286533607838E-002
  -7.7872719968339110E-002  -5.2660054108488695E-002   9.8036081391049981E-002   8.5982931932771164E-003  -5.2284290964490020E-002
  -4.4611461133754915E-002   3.7945757856911885E-002   2.1258749402230454E-002  -2.1895075961241194E-002  -1.8140620006469245E-002
   4.5261626585582859E-002  -1.3528820957607619E-002  -3.8633353206400732E-002   3.7096795828003563E-002   4.2942437622942163E-002
   1.3322082049516269E-002  -6.8764850576086738E-003  -1.5470626317369176E-002  -9.9719053323060330E-002   1.4565234813896067E-002
   2.4422324847267276E-002  -2.4854866655750228E-002  -6.8596279308583613E-002   4.6396044606978389E-002  -5.5937247664591815E-002
  -9.9260915843312925E-002  -9.3196263292401799E-002   8.9058330057589119E-002   7.5787220278199632E-002   6.5689832976513568E-002
   3.2487201496867860E-002  -2.2319870563170526E-002  -8.7396168813888814E-002   3.3411808936518052E-002   1.1852576444990187E-002
   8.8592060557992555E-002   3.9649772891011091E-002   3.4316842600010639E-002   8.1372879637377302E-003  -7.0461218860114732E-003
   3.5625368586806587E-002  -7.3861249578987279E-002   2.8202690209023058E-002   7.1559330214084629E-002  -6.8107687489770150E-003
  -4.6462744227396061E-002   5.9278348493599614E-002   8.0748029812197572E-002  -4.4893493924478660E-002   7.1457888379636667E-002
  -2.1449604591121871E-002   3.2389501699863592E-002  -2.1569668528739702E-002  -8.1448333311215246E-002   4.3418226515584891E-002
   9.7028255607282565E-002  -1.8440459862416624E-002  -4.4747163068277383E-002   7.2651520360879518E-002  -8.9323815429846479E-002
   9.5606087569289205E-002   3.1409837931886612E-002   6.6018803666663906E-002  -8.4620116015534069E-002   5.1448768453912753E-002
  -3.0739715035047112E-002  -9.2423581563758003E-002   7.6090009400611558E-002  -7.8904333208624264E-002  -7.6599253956938687E-002
  -2.3865656626378344E-002   3.0398063629111630E-002  -1.3153519749279918E-002   6.9084717874650009E-002  -3.9285149742271291E-002
   5.3380459888507405E-002  -8.9833129864170871E-002   9.9432308612528789E-003   6.8538125155651580E-002   1.7014663988150484E-002
   4.4508804552563397E-002  -9.2607619521086239E-003   5.3029881105549362E-002  -1.7124096092765093E-003  -3.1094863458525964E-002
  -1.9166304454476552E-002  -7.5783484517360068E-004  -5.1147378489796148E-002  -9.2799330239755590E-002   4.8390997626507268E-003
  -5.5460002141491757E-002  -9.1008292895664089E-002   1.2605041809853496E-002  -7.1857118996458145E-003  -8.5909663786063489E-002
  -5.3230463114369221E-002   3.9063032793991030E-002  -3.0022422329661798E-002  -8.7015521348635782E-003  -9.7205180366243787E-002
   4.3923369192438583E-002  -9.0655063093764934E-002   9.1087868777318323E-002   5.6114233919247601E-002  -4.5171322571025969E-002
   2.2002849340257546E-002   6.7291748776502333E-002   2.6298898873603996E-002  -3.5855368259937758E-003   1.4116363746649492E-002
   1.6216109171638688E-003  -8.9925581198215740E-002   2.0589595628784114E-002  -7.0073485736588628E-002   3.1343095338532155E-002
  -3.2964612287748711E-002  -1.3052260796825161E-002   1.1073654953887698E-002   2.3373629482834155E-002   8.0028947686059088E-002
   6.4057826987930555E-002   4.8135287109706257E-002  -8.0507051558891998E-002  -1.6103561464545113E-003   1.2451949522294467E-002
  -7.6067110506543176E-002  -8.9626204520201661E-002   9.1902819883510165E-002  -2.7855324012253886E-002   5.0572630852004355E-003
  -8.9254291789676615E-002   3.0415956749113952E-002  -6.0069185224992390E-002   8.5847851381757601E-002  -5.6275188533583299E-002
  0.10150022443028450       -3.1091167376146700E-002  -6.6295958568951291E-002  -3.3236703196721874E-002  -2.0151870567228957E-002
  -2.1639078104845898E-002  -6.3321381968922619E-002  -1.2951482879486583E-002  -5.5424007887963742E-002   9.6330345421313288E-002
   3.5166107263084098E-002  -8.0412062719790289E-002  -1.9931315280531218E-002  -8.6852500604021249E-002  -8.3585796754009831E-002
  -7.2039571258300794E-002  -7.4507101481931251E-002   4.0806509682460038E-002   4.8686168894850050E-002  -8.3067208032062717E-002
  -6.4867016200626390E-002  -3.6895093681382697E-002   7.4535644066875295E-002  -5.5293702185957638E-002   7.9079970437543376E-002
  -7.9199224715686883E-002  -8.1270446129489901E-002  -3.2569612837369741E-002  -7.0928854611939041E-002  -5.2740915679936461E-002
   4.4263000743067542E-002   4.7853645541111503E-002  -7.6877810066104349E-002   2.4659526692335523E-002  -2.1554821200340905E-002
  -2.7905443245969698E-002  -2.1379126484389541E-002   8.9158027991787472E-002  -1.3654924588938914E-002  -8.1625416767673001E-002
   4.9238826208734023E-002   4.4214202673555948E-002  -3.1193564508301838E-002  -1.5022620261149905E-003  -5.9072873422308957E-002
  -7.9263520908454382E-003  -1.1183080984526562E-002   4.0937867316227453E-003   2.3392280686475489E-002  -4.2753407579400493E-002
  -7.8421748597478927E-002   8.0937810640738378E-002   5.7657782430713012E-002  -8.8637428706581214E-002  -4.1804169332085958E-002
   7.6258591756541899E-002  -2.8526634802033435E-002  -7.8490056180381157E-002  -9.4044738434684288E-003  -2.9891230385118046E-002
  -2.2064920314084104E-002  -7.1807726369512589E-002  -7.4729110503790275E-002   5.4818370287654357E-002   7.3665626253850494E-002
  -6.3142097795114982E-002  -8.4766674491106725E-002   3.2641013370227387E-002  -3.6085722528410802E-002  -9.5182003813884808E-002
  -6.4694931066780273E-002  -4.5954500226536639E-002  -7.3286809492205923E-002   6.5970873576498959E-002   2.8073419279967166E-002
  -4.4118628293656550E-002   4.3232577612616042E-002  -1.3212952355887634E-002  -9.8640883458196146E-002  -4.4750201061867133E-002
  -1.1322551734316913E-002   1.5400553758381634E-002  -9.9094855202359639E-002  -3.8983114543509148E-003   4.9761803126734061E-002
   9.1518496136356424E-003  -7.5688699562087361E-003  -9.2248894244861979E-003   6.0917782753826991E-002  -3.6907970045224732E-002
  -6.7654845445372314E-002  -6.4305056616403108E-002  -2.2379757735803436E-002  -9.1246625739710863E-003  -3.0226573267512491E-002
  -7.6508444413819543E-002   6.3470462930918056E-002   4.4749081372849810E-002  -1.7050271525213774E-002  -2.8249238001725165E-002
   2.3453325817637382E-002   6.3924966929278987E-002   1.2920809253125361E-003  -7.5445280093082240E-002   5.9868814740811439E-002
   9.7685584761356553E-002  -2.1989601056172883E-002  -9.6401277722187900E-002   6.2161629509856958E-002   4.2481059637609876E-002
  -7.2982335336499310E-002   9.1355060335968366E-002   8.9862502705378947E-002  -7.3918453389938243E-002  -8.5543727040386694E-002
  -8.3734881658539026E-002   1.3667670942830067E-002   3.7377261397236260E-002   2.9907367044715655E-002  -4.0653705880864616E-002
   5.0854923437227549E-002  -2.3973112442042609E-002  -8.4072307376101663E-002  -2.4642969229524209E-002   7.9757808503069891E-002
  -3.7140868101571125E-003   1.0804225013818093E-002   9.3724951167279316E-002   8.4747798365506027E-002   9.0049676239846360E-002
   7.9976544995440768E-002  -7.8696977611378338E-002   2.3315524330667973E-002   3.7592669900379426E-002   7.9805816663303192E-002
  -7.3431708441399511E-003   6.7669464869624524E-002  -5.4296360968995580E-002   2.7558555863994777E-002  -6.6491877467451541E-002
  -8.0327904996629659E-002   4.4146696697197875E-002  -7.5380468876917614E-002  -3.2174935579283678E-002   8.4009449932050173E-002
  -8.7177276196446682E-004   4.5967899315139837E-002   9.5444059967328895E-002   5.9739206941667428E-002  -3.8919419701008988E-003
  -4.8479823867593953E-002  -8.4470553721774505E-003   3.5408584660207139E-002  -6.4847444417546266E-002   5.8805247102186438E-002
   8.0087508695861412E-002   9.5513391892582108E-002  -6.5373708686275248E-002  -9.4488867535529611E-002   9.2658987771719326E-002
  -2.6959510692054552E-002  -7.7702646026300407E-002  -7.1727907930141624E-002  -4.3068110435716650E-002   9.0807458327476706E-002
   5.8226453065371497E-002  -3.9741664581130300E-002  -4.4701000452477435E-002   7.8636646499774518E-002   8.9867184003945638E-002
   7.7527974090616306E-002   8.4663204963774621E-002  -1.2538062428413424E-002  -8.6384794027007925E-002   4.1020454359792000E-002
  -6.5070764136239911E-002   8.3573818461872701E-002   8.2595789441851558E-002  -4.0098464737978193E-002  -2.7237392836228575E-002
   4.1155294850748203E-002  -6.8863631582745680E-002  -9.1681789548325648E-002   4.4203068048421813E-002  -6.3218298019396171E-002
  -2.9608088634410766E-003  -6.2265915807780813E-002  -8.6626259061597544E-002   6.8977960497927843E-002   5.6171827518560627E-003
   3.6666549556451928E-003  -3.5267562426720196E-002   8.8213134117576086E-002  -1.1004360334511149E-002   5.2872877996680209E-002
   7.9562104750262583E-002   6.7529996534107031E-002   9.6562768388440190E-002  -7.0627939434044593E-002  -6.2743318163770254E-002
  -4.4611719902408989E-002   9.8289924375848353E-002   1.1691592051490545E-002   8.6319574302901145E-002  -3.4335423481317664E-003
   5.4426375773744443E-002  -3.8607489753683812E-002  -2.6697572875617186E-002  -1.5334761913942204E-002   4.5749243313121413E-002
  -8.8004537383298401E-002   7.0911470491006670E-003  -8.7335150526311901E-003  -1.1315053697766250E-002   2.9356393811549922E-002
   2.6766042875681087E-002   5.8688537715029958E-002   8.7830972630584120E-002   6.3905470598039610E-002  -2.4892584869309176E-002
   2.7735991299079354E-003  -4.6346186027933257E-002   1.0458045299201897E-002  -3.1687051481934993E-002   3.1191099088833937E-002
   2.3553653503067873E-002  -8.3413572690575088E-002   3.2543958951944445E-002  -8.2863502752174481E-002  -1.3981628078141362E-003
   2.2551683719344635E-002   6.4414863537102657E-002  -8.9683667822022431E-002   9.1956076452388943E-002   7.2642173057925391E-002
  -4.3431949081418862E-002   5.4962267315720001E-002  -1.0833869221433390E-002   2.6106594722971103E-002  -8.6401503941846938E-002
  -9.5041244046377513E-003   3.8625375583240036E-002   1.8119352395983567E-002  -8.6671605623511047E-002  -6.8112366679957861E-002
  -6.3207268640249302E-003  -6.8029208790498605E-002   6.4281706641506550E-002  -9.4751460639175999E-002  -2.5166039824017085E-002
   1.9808273612039386E-002  -6.5056505172097032E-002   7.7118718551885179E-002   9.3556990206823884E-002  -2.9828145717658234E-003
   4.9580764602751064E-002  -4.8185493633466782E-002   9.4048357870720495E-002  -9.0519192970559090E-002   1.6519802217107075E-002
   6.8103472117663627E-002  -4.6195114762602922E-003   7.0384636667489217E-002  -8.5413174715771339E-002   2.3184376290317225E-002
  -9.8527357546063649E-002   3.4229397105862362E-002  -9.9797225990391161E-002  -7.7554107817661339E-002  -3.2732084849153034E-002
  -6.2831711388600262E-002  -9.5745117490959042E-002  -2.0942551304185221E-003  -5.1647213656839400E-002  -4.7673916226529368E-002
   8.9116767801737842E-002   2.9613908664041455E-002  -4.4322404037761845E-002   8.8716931568620913E-002   3.4726833833099068E-002
   2.9023903281354211E-002  -5.0930208276176977E-003   2.2067949275653535E-002  -3.2129164089409065E-002   8.0161949451450401E-002
   7.7900265767109803E-002   4.2075595780651322E-002   7.1394908866453402E-002  -6.2554570881183866E-002   8.8696877351728529E-002
  -9.9351633805209269E-002   4.5654751027555569E-003  -8.9597267341485279E-002  -3.1513274664852688E-002   7.6904916491603859E-002
   5.6186999634633694E-002  -2.1185743044218164E-002   5.1486104534138169E-002   3.1547135395215288E-002   9.8443806077189056E-002
  -6.4844362738992502E-003  -5.7208548767138150E-002   3.7243389173340212E-002   8.7498826261491039E-002  -6.2090466331519552E-002
  -4.0750707557964734E-002  -8.7745745216101276E-002  -8.7113675881259817E-002  -2.1624677006640357E-002   2.8046173190604245E-003
  -2.8438005244447829E-002  -3.3572823376464929E-003  -8.9894118410980384E-002   5.4723747629210152E-002  -3.4219993534362015E-003
   1.6369258300763214E-002   3.5878464647739208E-002  -7.2464634838616121E-002  -9.2162702681461428E-002   3.4778104357373218E-002
   7.3994732488611228E-002   2.5039439101455726E-002  -7.2022881827437990E-002  -7.4311505582629403E-002   1.1871836922955672E-002
  -1.2818110075003811E-002   8.9277899128002894E-002  -6.1869632431736099E-002  -9.9226965191081554E-002   7.5406306209549301E-002
   1.1855202635632887E-002   4.6522636958145132E-002  -4.0839711524374329E-002  -8.4332157867195820E-002   2.1727276784579537E-002
  -4.0442744298737163E-002  -6.8221061222301552E-002  -2.4380360071127944E-002  -4.3906602999494122E-002  -8.5353032631471995E-002
   2.1480670784629424E-002  -3.3261751042941191E-002  -3.8946844849942937E-002   2.3117362170265540E-002  -4.4111127261970494E-002
   3.0688064256563639E-002  -3.5334198730231726E-002  -7.9577288256177436E-002   4.6073577818758669E-002  -4.5609101198731655E-002
  -9.8194912617182908E-003  -8.6240862556686032E-002   7.4306412392124099E-002   1.9439893058326649E-002   1.1480275259102710E-002
  -5.6812595486088829E-002  -4.4227199493646008E-002  -1.1533271145858610E-003  -8.8626462182848906E-002  -9.8649087820298405E-003
   8.9610208763821839E-003  -8.4049966966900008E-002   2.0055648197525078E-002  -9.0156143917329956E-002   6.2441164158141549E-002
  -9.9192770477199363E-002   6.7043202047308043E-002  -5.8737749642703778E-002  -6.8705115693859550E-002  -2.0745689401788364E-002
   8.7726500262193458E-004  -4.1079611773099940E-002   4.0340089649684649E-002  -6.3883889621384984E-002  -4.7057175420610740E-002
  -3.5433645803817563E-003  -7.9519202537565760E-003   1.3446271437739870E-002   4.2658960777405865E-002  -3.6206091475371712E-003
  -1.9896191877050488E-002  -3.2673282380747216E-002   8.6338747233711238E-002   4.5138628327849317E-002  -6.2464076501161710E-002
  -4.3502449861358233E-002  -4.5629901804238981E-002   9.3192693560689530E-002   3.4310862617173109E-002   3.8532218109636918E-002
   5.7436205689551940E-002   2.9229937018246017E-002   2.7180744765374323E-002  -4.4140632849050704E-002  -6.1307464875388872E-002
  -5.3516557350246075E-002  -5.0186115518934767E-002   8.8731056784801754E-002  -1.5381442066485933E-002  -6.7332246179034841E-002
  -6.0946893612709822E-002  -2.1153431799384361E-002  -8.5781307981357191E-002   3.4482793565964918E-002  -8.1734202269361345E-002
  -7.7489185752639952E-002  -6.4745604812904561E-002  -5.0688601564313228E-002   7.1300962939984419E-002   7.8124514867632319E-002
  -4.6779113430300223E-002  -7.5847492513141143E-002  -9.2953291056082021E-002  -4.6241559472793875E-002  -9.8981740758874628E-002
  -6.3228357928069953E-002  -3.6826214757591957E-002  -2.0817687469541931E-002   3.6741010914881786E-002  -4.1741030264983985E-002
  -2.0916404438590247E-003  -5.7429165119937904E-002   2.6352202493803621E-002  -2.4212175510703621E-002   1.6043472937807401E-002
   3.4762837863165329E-003  -4.8484086725627686E-002  -8.0364780477541628E-002  -8.6066775745172117E-002  -8.9005542722792222E-002
  -3.0836602243651749E-002   6.5879963531281824E-002   6.4114988589201605E-003  -8.9889355899667858E-002   4.6927498912124506E-002
  -9.9947750406979077E-003  -9.6019049937317344E-002  -8.9484687053686895E-002  -2.5746692318288508E-002  -9.5186831011802031E-002
  -4.4333464005780129E-002  -2.9795848807483410E-002  -4.9675035349266920E-002  -2.9690221453175545E-002  -7.1634368224462217E-002
   3.1250039849408516E-002  -5.9261996968588748E-002   4.3427352600490000E-002   3.5007840706404322E-002   8.5055094103611867E-002
   2.6978302904983469E-002  -5.0389069119311902E-002   2.3684436904227377E-002   7.3144503957893250E-002   2.7680381194274111E-003
   6.1798897881427353E-002  -8.2242552700683799E-002  -4.5151145141554445E-002  -9.5732624114809581E-002   1.1545040921516580E-002
   3.0707898424855221E-002  -2.4872904733115268E-002   3.1092046239823850E-002   7.7690214028223584E-002   8.5780778533175936E-002
   3.3438973768496714E-003  -6.2980872876918477E-003  -4.5968964484497082E-002   3.6298141938038840E-002   3.6174810836038518E-002
  -5.1956506292766052E-003  -2.2719875279171423E-003  -8.4357859304171876E-002  -4.5505015939725606E-002  -6.5137260042845591E-002
  -2.9435600176135359E-002  -7.7213210807897822E-002   2.1392861830354604E-002   1.6528716881193214E-002   2.1347996919589919E-002
  -5.6692793578758616E-002   6.8255451606716866E-002   9.2267416867122341E-003   8.9707457795408063E-002  -7.9844839140634213E-002
  -5.9470969886385873E-002  -5.1774343780115410E-002  -7.3696805737260875E-003   9.1393906796898738E-002   2.5960252021741018E-002
   1.4077917187644956E-002   6.0676938056722703E-002  -9.8852761224614893E-002  -2.6590144801914170E-002   7.6333791988031016E-003
  -2.1579077804797581E-002  -7.0673026142339251E-002  -2.5437966295670914E-002   6.9038048914159211E-002   4.0633363063013557E-003
  -5.0282779055105704E-002   8.9868455768685587E-002   7.8489371579129968E-002   8.1894337476045451E-002  -6.3571067596659897E-002
  -7.1918048410682070E-002  -1.3376202184289513E-002  -1.9884385659792857E-002  -1.0345669381915994E-002   9.0288716229936741E-002
   5.5802483002601981E-002  -2.1404347468283017E-002   6.3853316097527493E-003   6.1144822099195853E-003   3.7000187537976972E-002
   7.4262019310298244E-002  -6.3048767112096685E-002   1.1607213444862876E-002  -3.7194372888259615E-002  -1.2916683862424193E-002
   3.0655745187675412E-002   1.6112947885469148E-002   3.5380966921506066E-002   6.6050688775101549E-002  -8.4829156440079545E-002
  -3.5596759347674485E-002   8.9462695989561802E-002   2.6586463184065253E-003   3.3093402453981291E-002   3.3849232747192017E-002
   2.9716425872261105E-002   6.4879197617945014E-002  -5.8352015387981286E-002   2.1584737217657701E-002   6.1780031732043356E-002
   2.0730948179552573E-002  -8.6958899712637015E-003   2.6177629382367795E-002   9.4915768005558232E-002  -1.6220083514632333E-002
  -4.3256327818919339E-002  -6.6038516992091942E-002   5.9148598671299374E-002  -2.2831559336517003E-002  -9.7723519881425785E-003
  0.10301338382693703       -2.9967203434792040E-002  -9.7987722121407134E-002   2.8182948759542761E-002  -8.0509941577797284E-002
   1.2760031039892414E-003   4.8927312975119937E-002   5.8844542090704839E-002   1.7464894025998129E-002  -3.7040465128534719E-002
   8.0693955764946146E-002   1.3494394491381879E-002  -5.7281124184647189E-002  -5.5687676044906015E-002  -7.0628944514805350E-002
   3.6561593196858208E-004   1.3864810960854349E-002   8.6302064135753281E-002  -4.8054763922404334E-002   6.8966484742419371E-002
  -1.2538525233151986E-002   5.7747390592457169E-002  -9.0530023826741954E-002  -6.5726852356443807E-002   6.5188564561282178E-002
  -2.4360451212899040E-002  -7.6487036146976356E-002   8.3090913014239098E-002   3.3469541089040766E-002  -7.5561167458210593E-002
   2.4781600020521342E-002  -2.1949614326131500E-002  -5.3558586119834446E-002  -8.7712912426721079E-002   3.6454586992472081E-002
   1.5483554882667477E-002   7.4731472007593128E-002   3.0133564119475379E-002  -5.6499154325465855E-003  -8.7016678135446602E-003
   7.1818548727275375E-002  -2.3829858822568882E-004   3.9761735699395999E-002   5.9751610127437342E-002  -3.5919473133144792E-003
   1.3826952945941762E-002  -7.6279022875949606E-002   2.8736425710030815E-002   5.9026030675246213E-002  -5.7010052920869886E-003
  -8.3381772754602043E-004   2.1608103345924494E-002   6.2989779193538611E-002  -5.6008373525693583E-003  -4.3122307122319188E-002
   7.3440863086787017E-002   3.6015071877875471E-003  -6.0892217517877822E-002  -4.8618934940630611E-002   1.7409805009931726E-002
  -9.6887222587497421E-002  -6.7765729759548421E-002   7.8256551947894465E-002   8.6656738997748992E-002   8.7848390868468740E-002
  -7.2044531852113999E-002   6.9291559489650850E-002  -2.5911576715074564E-002   3.7897849763569927E-002   2.3133209034329544E-002
   8.0207774530313997E-002   4.4387941959205021E-002   4.3877381218292946E-002  -3.9693265259717829E-002  -2.1143034390127713E-002
   1.2689287395962669E-002  -3.5245996094605311E-002   9.2002209716872008E-002   7.3326890812836137E-002   1.8006731835045461E-002
   2.4503933173663749E-002  -8.3938129179722001E-002  -8.7097978979427157E-002   2.8235625397417308E-002   3.8609158288259143E-002
  -5.0776064119111709E-002  -2.6503307899333500E-002  -7.4583182979812451E-002   6.6681418291951469E-002   6.0283067715190826E-002
  -1.0415369214090975E-002  -7.3740700058932095E-003  -4.0607938399295156E-002   3.0334707522786546E-002  -2.7812479362203761E-002
   9.7189257112841654E-002  -3.1207511751756067E-002   3.5731507060783149E-003  -4.0637650739951403E-002   5.5780274416252308E-002
  -7.5482062825192493E-003   1.4080346082973894E-002   4.8320239024276998E-003 -0.10190239946148787        9.1204214991866955E-002
   1.6340607516985815E-002   4.7910381287052044E-002   5.9883280127222174E-002  -4.3575108421759372E-002  -7.6649855147156082E-002
  -1.1124138445578587E-002  -1.9816842096150263E-002   1.8229018090327863E-002   2.2363770759710425E-002  -6.7531588005406720E-002
  -8.4942544033838718E-002   5.2084095037701256E-002  -9.6349444961270833E-002   6.5231324021212109E-002   2.8512124367986984E-002
   5.7137285326850612E-002  -3.7396528418045846E-002   4.2423497122433269E-002  -3.7124262163004337E-002  -6.0644134749637466E-002
   4.8107369790899086E-002   4.3713001415103758E-002  -8.0608933445569200E-002  -9.9548193326142564E-002   4.3770871068941675E-002
   8.1587267897082622E-002 -0.10157839885114943       -1.2895291095479133E-002  -9.6702608368557819E-002  -9.3754555433012129E-002
  -4.3857028049254114E-002   6.0872572290902212E-002  -4.8632398343146754E-002   6.6185022618396816E-002   7.4638750202238632E-002
  -4.4660494126695968E-002  -3.0542679146030448E-002  -6.8084454983246889E-002   6.4850180700945531E-002   7.1000141421683691E-002
   5.1919135687315342E-002  -1.9186411187530391E-002   6.4970296436190553E-002   8.1329006317448826E-002   4.1315734890839534E-002
  -6.2250327782807952E-002   3.0098552856603466E-002  -7.7693951228443123E-002   7.3733685567228188E-002   7.6574342604968079E-002
  -1.2728149569175947E-002  -3.8550153385417577E-002   2.0459789302532919E-003   2.0910311883259043E-002   2.6278361278435892E-002
  -1.3485224416717163E-002   4.3861269230687894E-002   1.8045666741521250E-003   3.3385420668605059E-002  -5.1277302070634405E-002
  -3.3451946133812721E-002   1.7942947947107931E-002  -6.5351831166826302E-002  -3.8728656253628188E-002  -6.7728192187842040E-002
  -9.2938598042993439E-002  -8.7119318047148495E-002   5.3602547101201957E-002   3.4332419156507026E-002  -1.9962221536771425E-002
  -8.7759118994027233E-002  -8.8600239971466571E-002   1.0491944508070932E-002  -7.6143809051778019E-002   7.0659382284010308E-002
   9.1845193464084693E-002  -2.9607601183397340E-002   1.7839692781545485E-002   2.4931188263153589E-002  -4.5616010090770327E-002
  -1.1789252861407720E-003  -3.1223588522727962E-002  -1.5312204806175837E-002  -5.0208682582817625E-002  -7.1234699390930176E-002
  -4.4856454812210476E-002  -2.4548659721203197E-003  -4.5171323918445534E-002   8.8976686894648382E-002  -3.8985268490274484E-002
  -4.7943900808212092E-002  -3.2594681669199078E-002  -4.9563344656639953E-002  -6.9545243803366564E-003  -8.6191591434624099E-002
   6.2965743563085402E-002  -7.7177472729860877E-002   9.2026993877624932E-002  -1.0034526065967050E-002   9.6375960534492350E-002
  -3.8006512676039715E-003   2.8012727632121991E-002  -7.1143188394314424E-002   9.4061418921094209E-002  -2.9315981845643026E-002
   9.4047330027754762E-003   4.6385100854073796E-002  -6.2373331878282944E-002   6.9970083123259037E-003  -2.6526285103602647E-002
  -5.5021649499186601E-002  -9.2293937452762737E-002   1.4727345882451982E-002  -5.9386629683548006E-002   2.2500479078563913E-002
   4.1817383441283058E-002   7.9784802378144226E-002   1.7709215597124080E-002  -5.8148757686089937E-002   6.0368427301797202E-003
  -6.6509839997518277E-002   2.8432403142295865E-002  -5.8954639318267908E-002  -4.4848374693889102E-002  -8.7700685242300236E-002
  -5.5338948678224788E-002   3.5704472970693200E-002   2.9620662683966889E-002   2.5887224788963228E-002  -3.7787980307060633E-002
   3.0299084434474360E-002   8.6557475031811184E-003  -7.1330881497366272E-002   4.6846087092313006E-002  -7.4963534206706886E-002
  -2.7371559890714544E-002   9.4384053145551663E-002   4.4140715704805600E-002   6.8596656506927672E-002  -4.8991513565973983E-002
   3.0079273345054509E-002  -7.4122510072357997E-002  -3.3692846997247977E-002  -2.5409851506419015E-002   2.5331628544792352E-002
  -5.4249936460417258E-002  -6.6046153374629019E-002   4.3242126119092568E-002  -3.3005396916462634E-002   5.0344461663770011E-002
   2.6236273058667783E-002   4.0950978688077261E-002   1.8512811855029503E-002  -7.8332538122013101E-002   3.9017721412912362E-002
  -2.8031634818427614E-002  -1.1455829697563358E-002   5.4864440453735813E-002   1.6719702404700196E-002  -3.3144270396537026E-003
   1.4042262172653272E-002   9.6196696219786482E-003  -2.4035458720625017E-002   7.4243856354443027E-002  -3.6130670339558045E-002
   1.2375502474227256E-003  -7.9375707062427671E-003  -7.7713676039327384E-002  -2.6617450255126011E-002  0.10152795097479951     
   8.9640764310555079E-002  -7.9484207353138769E-002  -1.4990460677872680E-002   4.7028320802017546E-003   3.6150142269087152E-002
   4.6419461809553308E-002   4.6492482856604775E-002  -8.7610410320472953E-002   3.6018243821229673E-002   8.3628480512018127E-002
  -2.4766087646278186E-002   4.1155353409902430E-002   7.7626820496655077E-002  -7.5515353259610228E-005   6.6897289211417452E-002
  -9.6920580529759409E-002  -9.0685013643283879E-002  -2.8497335739577717E-002   7.3131479302606620E-002   5.3631039807292114E-002
   5.6323353963876048E-002  -8.7790141489473894E-002  -3.1562501429811721E-002   8.5586885470771951E-002  -7.9472324895335997E-002
   1.2143090259478539E-003   7.9119919353444496E-003   5.9549179268423985E-002   2.1258643697285372E-002  -9.3086634859451622E-002
   3.4221291576921366E-003  -5.5318401831926198E-002  -6.2366962916333653E-002   6.2559713392489946E-002  -8.9055038164542077E-002
  -7.3444241126918011E-002   4.8697304862556856E-002   5.0213529821780262E-002  -8.5038347957680741E-002   8.3085903484287321E-002
   6.4050680250912956E-002  -3.8771764097956407E-002   4.3668356519006538E-002   1.5943848718163674E-002  -4.7878777822995482E-002
  -4.3389597494789399E-002  -1.3015463374574033E-002  -5.2008470943256904E-002  -4.0032848702241677E-002  -4.2083143470403796E-002  -4.1221188948383995E-002  -4.1617229752625884E-002  -3.2879042546539262E-002  -3.9341111829556727E-002  -1.6816776213895391E-003  -5.8246125991596058E-002  -1.4842126041000067E-002  -5.8045616554923157E-002  -2.7268891254135352E-002  -6.2076760028509113E-002  -2.9552877790321834E-002
