          16           8           5           5
  -7.9347547338196617E-003 -0.17364909389405592      -0.13550668464436258       -8.6574826214187814E-002  -6.9884582342644885E-002
 -0.16304086379147698        3.8220930866056158E-002 -0.15216840410949367       -5.2495587329066395E-003   9.2599294233797813E-002
 -0.13684618143664282        1.4041024447346361E-002   4.7739493035577486E-002  -6.7234791086918821E-002 -0.10004413780712036     
  0.21538504057826374        5.3116748216069889E-002 -0.13947711643556837       -9.7648801029292201E-002  0.16786343063209766     
  0.20458790264501181      -0.13354469247936518        7.4180206326160750E-002  -6.1672992032833371E-002   4.0374782589101745E-002
  0.10767826629739284       -5.9954228138728007E-002   9.6508615785744711E-002   9.6043591545851556E-002 -0.13231842407188127     
 -0.17397580865507947       -8.2836369875246660E-002   9.0322060837601623E-002  -4.3332537904236364E-002  0.14399545923855164     
  -4.5614948339688426E-002  0.11360511605102218      -0.11896620815376824        3.8239759273421034E-002  0.12659724469768860     
  0.16281826361946483       0.13104918633030482      -0.14329139801188753       -4.1440635212462155E-002   3.6270044356833113E-002
  0.11368304307965815       -1.2118648837450018E-002  -2.4134780199556092E-002   3.6592192902271316E-002  0.16355945219876336     
  0.16940674826358770       0.11801217069608540      -0.12128730880307689       -7.5708190652142848E-002   6.9237914867363012E-002
   6.7551488120517721E-003  -2.2723303365087568E-002 -0.12145247231258498        5.3071719659628050E-002  -9.5914274584893780E-002
  0.17435279875007792       -8.8975288284140433E-002  -1.6262530876143223E-003 -0.16021053462977422        6.2219974180786661E-002
   6.6077114910672974E-002 -0.14131621142128581      -0.13272992538213851      -0.11223281810823350       -5.1506563854515297E-002
  -9.8388175133137953E-002   3.5498756374410252E-002  -8.7039338079612283E-002  0.14793186086290708       -2.0865862821196301E-002
  0.11426581906477887      -0.10334327429588765       0.15174233939736992       -4.8263791835912999E-002  0.16101179574610930     
  0.15692738806640855       0.10730519204742074       -1.7976501737782466E-002  -3.0271637652306109E-002 -0.11964272732507872     
  0.11415133441872855       -3.9268136124739936E-002   2.2236749584575367E-002  0.16012351663227409        9.2998416216253973E-002
   5.8012917391436367E-002  -7.7583834067958865E-002   6.2693576774753734E-002   5.8090601346904608E-002   9.9570887001679514E-002
   2.3408535284027324E-002   1.4715276244149192E-002 -0.16791029143667147        8.5462607588734016E-003  0.12319929912979916     
   9.1390794401782674E-002   3.0747119408034460E-002 -0.12609566149262294       -1.9028777662871522E-002  -9.3379981571562576E-002
   8.5073591213877142E-002  -6.7898816576769119E-002  -6.3475447537480245E-002   4.8079207890134250E-002  -8.2351637429083371E-002
   7.2462614809015932E-003  -8.3815820326228460E-002  0.11572172232531271       -4.8158588998305982E-002  -6.6015323976523516E-002
 -0.11092079807765093       -2.2058197239141360E-003  0.15459217652448559        7.9565523176553354E-002  0.13225564442597385     
  0.12702699206929366        8.2700272812877021E-002   2.7357455585698309E-002  -3.0163244220125004E-003  -5.1943925796007671E-002
  -5.3355831730229494E-002 -0.15450933720133622        8.7381550040899245E-002  -6.3147183369680657E-002  -9.8604921294392300E-002
  -5.1264639654813711E-002  -6.7396543842591083E-002  0.10147319863063531        2.0118922748347569E-003   7.1349009290679305E-002
  0.11815523739289804       0.10745853955265151        5.9434016870329023E-002   2.6650699264182027E-002   3.9037582827310673E-002
  -3.1229727862751227E-002   3.0921344986985601E-002 -0.14822916695238450       0.12810144858970332       0.16507303156872313     
  -1.0702212819803828E-002  -9.6419408152035993E-002  -9.8957454127471631E-002 -0.14367653590925339        9.9949444078151525E-002
   1.5923423102679021E-002   3.4816507596962934E-002  -9.3780302326824050E-002  -6.7762562802942766E-002  0.17470945358282614     
  -3.3671776071432354E-002  -8.8345529799963018E-003  -1.0523564338129832E-002 -0.11205128180135179      -0.13355215698770578     
 -0.16706017688513217       -5.9984958544288598E-002  -9.6812149242801251E-002  0.11849456014138797      -0.10919826365602266     
   6.5885205088538250E-003   9.7007083330318530E-002   6.2341754218493459E-002 -0.20621344303411068      -0.11828071254727751     
   1.5463711589113855E-002  0.10351527144105259      -0.15773452697411078      -0.18641428435137433        4.4442134395322970E-002
 -0.11157167815222040       0.11960856292333623       -9.1926541587452629E-002  -1.7735367249100079E-002  0.15444516704872660     
  -1.3944380080013984E-002  -1.6830538069692945E-002 -0.16659466795660127       -9.7903118806471220E-002   1.7443063566398857E-002
   4.1664387697335742E-002 -0.15099744301377388        9.7843141672324802E-002  -1.2741889799993609E-002   9.2026786724126786E-002
  0.15344207860541320       -5.9975877826020978E-002 -0.11776936397329039        6.7683699761745805E-002  -8.0751915657730350E-002
  -9.4966205160222597E-002   5.3396022897194896E-002   3.3575528042886930E-002   5.8386688213172284E-002  -5.0819637947038532E-002
   6.0211057583841890E-002  -2.2398840085504888E-002 -0.15155497438192514       0.11750356878172284      -0.10004731880218977     
   3.6231494797132148E-002  -5.4880552380832240E-002   8.5946405529081539E-003 -0.14468273577038157       -1.5405135304194339E-003
  -6.7721782729361774E-002 -0.14396322656320537       -4.7038781673943597E-002  -6.2845186206053616E-002 -0.15242830983818131     
  -6.1319127407563498E-002   2.1856758057168520E-002  -5.5262585033809000E-002  0.14050726592108670       -2.8312673450325964E-002
  -6.0354672239719159E-002   9.5750290332725210E-002  -2.1397123014616742E-002  0.11207710763289552        1.0463644240357110E-002
  0.11326347635912690       -3.6043348284580237E-002  -3.1510997160684735E-002   1.4728057599418897E-002  0.12426255829469252     
   3.7385288201322274E-002  0.12182688832869343       -3.6863975093679904E-002  0.15211122898996013      -0.12658051746685778     
   8.2696890943135440E-002  0.15881717555644584       -4.6518321786383869E-002  -3.4595564993298272E-002  0.10349299404634846     
  -3.0324414568971982E-002  -7.9431227971764849E-003  -5.4971002653478721E-002   4.2769828208397732E-002 -0.11213617311839533     
   6.7270520306802681E-002  -6.9740821089093991E-002  -3.3348893620415203E-002  0.17204190692994756        7.9261224053899376E-002
 -0.12933541533420176        3.0648258740412479E-002  0.10537425866264212        8.5922298639029587E-002  0.13454266047724528     
   8.5667734518067307E-002   3.9152860937629680E-002 -0.17964057980038647        1.6761799205971799E-002   3.0096569390496025E-002
  0.15056881148600368       -3.7709108483607229E-002   1.0725447525486440E-002  -8.6805742894366544E-002 -0.17005015107703347     
   5.8268447866598454E-002  0.19335602446580227       0.10691716004701098       0.10395604562594327      -0.13774580576260623     
  -3.7511975994837528E-002 -0.12724388831003813      -0.15659750901909067        2.8443711172487555E-002   9.1942253997484066E-003
  0.15183617343015349       -3.9110915746877202E-002  0.19475472660684551       0.12507659176803335       0.16398511469935373     
 -0.15934524577519446        9.8684815771129544E-002  -6.9834084028481000E-002  -6.7221073356503028E-002   1.8363877824581234E-002
   3.1334044957592330E-002  -8.0207286457247617E-002  0.15789402617212672      -0.16613280145503589      -0.15205368975378711     
 -0.13636098102917354        4.0778825798221285E-002 -0.11789706499701676       0.10377619645922864        1.2242175877562196E-002
   5.9384706669717589E-002  -9.8343386776484840E-003  -7.0426590651032888E-003  -9.2132405826718153E-002   2.8467109974713127E-002
  -3.1590940584678234E-002  0.16455472504866256       -7.9868496570393882E-002 -0.10513211942571705       -5.5005493221953861E-002
  0.10325235707413034       0.15486981351029089       -2.4259000612918927E-002  -6.9950880146504441E-002   7.9597216140167931E-002
   2.6390665213514158E-002  0.15352736223594068        3.8991376150357679E-002   5.5173853913202689E-002  -2.1846534776347366E-002
  0.13453231448075390        6.4767229241682586E-002   4.4715993100604728E-002  -5.4379581088321695E-003  -6.8473347490422401E-002
  0.16416304744105437       -3.2943585910128324E-002  0.12449828676545467       0.13569260301677449       -5.1371112736992929E-002
 -0.10458351726417899       -2.2202387665952190E-002  -9.8260381275736622E-002  -2.8090795332207055E-002 -0.15491433911037894     
   1.1669550819951437E-002  0.16450365966658728       -8.5755036246931954E-002 -0.10403919282608839       0.12141642432896473     
 -0.11672594243431396       0.10879973495069946        3.3483767731131042E-002 -0.17111129878167233       0.16417223013080795     
  0.11969386407212160       -4.4755577269062846E-002   9.6211184256584689E-002  0.13909119876562065       0.10136353592658570     
   8.1007672763237434E-002   6.6702760288239710E-002  -4.5066657988567807E-002   2.9484056475692584E-002   9.8790166815354949E-002
  -6.0995593255000022E-002   4.5169542653556931E-002  -7.3766402477523738E-002   1.3801555496100997E-002  -5.2110407003879942E-002
  -9.6472838777094311E-002  -8.5489264750755592E-002  -1.4553167355314362E-002 -0.14427795428633450        1.2051237690856451E-002
  0.12814888120467058      -0.13237900635492461       -1.9031869641775157E-002   7.5133358846923945E-002 -0.13310930459901810     
   4.3394322644451755E-002   9.2333558477658700E-002  -8.2319580900723180E-002  -1.9123017217569642E-002 -0.11308560223813038     
  -9.6466216307471347E-002 -0.14922419910202095      -0.14207729570741093       -4.4609874849723750E-002   5.8614332686086137E-002
  -5.3195029251715834E-002  -2.9420749809151131E-002 -0.15757073662737806        3.6124914351886903E-002  0.10908421994038478     
  -9.7171886215598038E-002   1.7573050776526100E-002  0.13916707579778373        9.0702882204448193E-002  -7.4589532908430567E-002
  0.14035183239203922        6.2140022575722341E-002  -4.2891581056685453E-002  -9.9216928736776695E-003   7.4459713672254027E-002
  0.16900919822099308      -0.13415896911154399       -5.6617098204358954E-003  -6.6148262037394850E-002  0.10659663098712437     
  -9.2694127775756585E-002  -4.4146428443253602E-002 -0.14319362180404208      -0.12309536721926094       -6.2601177411761008E-002
 -0.14617159400606758        7.4475400532810626E-002   4.3729850101215217E-002  -3.5020342176341680E-002   2.9170417540857873E-002
  -6.2090449033049402E-002   9.8884307373037564E-002  0.16181762917400155       -9.8586558778395700E-002  -5.4602535048647226E-002
 -0.14721819114671486      -0.15449478031596389        4.0220313840970837E-003  -8.2226916051873086E-002  0.10660041274226176     
 -0.11585105087765550       -4.8009646285783532E-002  0.14551083541931015        4.4527799550280911E-002  0.10075057109866049     
  -3.9435212845178078E-002   3.7296077224393272E-002   6.9129788979438000E-002  0.18789121297630995       0.17095725122576516     
 -0.17006151059749874      -0.14731694663100839        9.9847527718393059E-002  -9.4639556699689653E-002  -6.5252081017300623E-002
   1.8712593568080834E-003   8.7018758710312116E-002  -2.9599684878337980E-002   8.0801308025440471E-002 -0.12129001405866066     
 -0.17505730812954554       0.10864229744008569       0.15536011301413202       0.17601187243358515      -0.10806570626684243     
  0.10607878000648725        9.3080357829868232E-002  0.11399360417576160      -0.10913619052871235      -0.17297737462497692     
  -6.4472837029977172E-003  -8.3453255108796916E-003   7.8638420884465501E-002 -0.10503116293351590      -0.13985290611834056     
 -0.16914197265451467      -0.14896622702095128       0.12889174753971697        8.5827165558786916E-002  -2.9977834645300138E-002
   4.2397645983202871E-002   5.3092988020863832E-002   8.7539186009317607E-002  -6.0072958022451904E-002 -0.20372694232885238     
 -0.11310973477530067       -5.2209202765562929E-002  0.17222850128105824       0.13246171320103348        7.5135073753294743E-002
  -1.6913633387467517E-002   8.8656197752038021E-002  0.14881170773934835       0.11919087423110372        6.0314376603016209E-002
 -0.16000897682408785      -0.18759759017137381       -9.6171896064194157E-002  0.10262926018102646      -0.16362280932050430     
  -3.1108356228785956E-002  0.11544971493641797       0.21302814594629932      -0.13471679868046715      -0.18158685283139822     
 -0.10275228675952799      -0.13710917480350740       0.14439046462810692       -8.7477727926527069E-002   3.3595790839974687E-002
  -2.2258858157046854E-002   1.1482074549040261E-002  -9.7132549975150514E-002   7.5242995172447813E-002 -0.11062062155741506     
   6.6239269142108464E-003 -0.12705263529838220       -2.9374265086147943E-003   9.2975526711855522E-002  -8.2735520083048519E-002
   6.7004355360182288E-002  0.16111634399662469       -5.4780814578134496E-003   2.7287657811288276E-002  0.11915278674502523     
 -0.15239366066871335      -0.12590683582097892        3.1220771278857806E-002  -6.3714634866226735E-002 -0.10215461280343194     
  0.10268589450805438       -6.0027627301128650E-002  -4.3540821368080289E-002  -5.7239794149797782E-002  0.11601327208070424     
  -4.3419431090365869E-002  -9.1644889222339529E-002 -0.14567868972180470        5.7495801318146945E-002 -0.13864142684629707     
   5.4576652299388540E-003  0.16811882333914416       0.17795940161292717       -6.9379572883996148E-003  0.13980113619325868     
  -3.6602920201350961E-002 -0.10268528652803435        2.6320569148479130E-002  0.10770440021206773        4.5714827191261014E-002
   1.1142526674874772E-002  -8.2728944060816878E-002   1.8837287010331290E-003   9.9364935278988972E-002 -0.14468345019532380     
  -7.6796817154045738E-002   9.0461382594643466E-002 -0.10177457128446578       0.16404320785085619       0.15771832419607010     
  -7.3075522256656061E-002  0.14494484813707176      -0.14887756585120698      -0.14639588833286202       0.14487508300985372     
  -4.7001938191041079E-002  -7.9284486924767153E-002   8.2538757122840964E-002   3.5407692590609385E-002 -0.10106541624105424     
 -0.11188792181235412       -1.1494435837283068E-003 -0.11362604215882185       -3.1133683576520604E-002   1.6447289715416809E-002
   6.0849757086350986E-002 -0.11115817443671919      -0.16136319618069248      -0.17493552399890758      -0.11447535802212572     
  0.14540356013380398       0.12900644032751926       0.11380901860025928      -0.19934008395490693       0.12209825815945641     
  0.13502218918505279       -3.6653127966276275E-002   6.5009515334428017E-002 -0.16812944118294765      -0.11675903474464576     
 -0.12219886711002521        5.8101901593806231E-002   2.5880914145470446E-002  -6.0116906548887489E-002 -0.16152988893197151     
  -5.5675872747434914E-002   6.3168110703932159E-003 -0.18229560144906731       -3.7000588688365123E-003   9.5772055691231178E-002
  -6.2613148263387375E-002   9.1721029931598821E-002 -0.13369264400458519        9.7248876624843134E-002  -5.4545815346212292E-002
  0.10997046021056879      -0.10822693899120800       -8.4924570788965578E-002   6.8497917552367379E-002 -0.10990293511404141     
  -1.2548088702756666E-002  -9.8148599909845285E-002   6.5923408253902582E-002   1.8545172667255191E-002  0.19306056392304011     
 -0.12612802516232821        8.7694765376954448E-002  -7.0560911827096159E-002   7.0376334318057426E-002   5.7583008482612427E-002
  -9.5807656635531480E-002  -4.2899055691226054E-002 -0.15322545546332486       0.12305896868332765        9.3641752771154357E-002
  0.12260586839555880        6.5702313419933045E-002   2.6329272178738851E-002  0.14107712719049229       -6.0062525440397526E-003
  -2.8755511543225910E-002  0.14428264381970327      -0.13331943882920808       -9.5431461549131610E-002   5.4975073014785917E-003
   4.9211461793923016E-002   8.8809091415745167E-002   2.4265081652484158E-002 -0.16515125821319127        6.2229872885498728E-002
   2.1792639414805779E-002  -2.6784749201806762E-002 -0.16991039997317001        2.7959613533557266E-002   3.8132611935837064E-002
  -7.8490596861891748E-002 -0.19276114228382848        4.5538249437503425E-002  0.17226762521623745      -0.15681368337162901     
 -0.13122980489524011       0.14220166259602668      -0.11119760974348766       -1.9848571539970014E-003  0.19504079911955768     
   8.4610887985531000E-002   1.4401860270639498E-003  0.11639508400873655       -7.9323911168351982E-002   6.1957916537747175E-002
  0.16297596152816424      -0.10289198426767363       0.21209265575232503       0.17442055815834873        1.9363874731419341E-002
   4.8945563773258476E-002   5.8630995203416525E-002   5.9103094603736556E-002  0.13282649490717069       -5.3764522150083267E-002
 -0.15731996321155575       -7.8734897950154537E-002  -1.9666656579222178E-002  0.13640653181011195       -4.9785361111730861E-002
  -2.4697790734215252E-002 -0.16379842212059820      -0.12830115877090265       -2.4092782501917723E-002   7.4328402728547377E-002
  -9.3130132316625716E-002 -0.14056362616555809       -4.1512707478446598E-002   9.4300351709935740E-002  0.20501825961839107     
 -0.11662879782567788       -7.6761610111429041E-002   7.8107444508819776E-002 -0.20786002000607959        9.6732055655883598E-003
   5.7108058006620582E-002   5.1021146011824378E-002   2.5869607281980400E-002  -5.4417167818663868E-002 -0.14592095827643084     
  0.15089966220175502        7.2035088254755131E-002   2.3080235954529675E-002  -3.8655522926952339E-002 -0.20767202672409857     
 -0.10980301004738698       -8.8178553255562286E-002   4.3966330484321775E-002   7.4035033431733982E-002  -4.3819780624776934E-002
  -6.9182726969182914E-002  0.14109506065780478       0.13355851124831181       -9.2973976841713921E-002   3.4198547005402438E-002
  -9.9490488013245851E-002  -5.8482213582724358E-003 -0.12153334861825402      -0.11035092087051018        3.5711032548110212E-003
  -1.5579645983305652E-002 -0.17957239160779334       -9.4429466199746140E-002   4.6376970154153513E-002   4.0969422093479646E-002
   8.1485291192978371E-002  0.20446275284079643       -1.2728066211849605E-002   7.3215131534163036E-002 -0.22057076732598743     
 -0.12335509770983542       0.17882176460516419      -0.11712444063411202        5.9068868579346588E-002  -7.0962346611621027E-002
  0.14232995069677265        8.6934862953887054E-002  -1.9900473907669879E-002  0.17184472505770854       0.18117621906204670     
 -0.15478817877670595       -3.5479564128573407E-002   8.6458301965836343E-002  0.22867226126876825       0.10562280413159586     
   7.9411058751547817E-002 -0.18871730679753140      -0.13802563235352869        6.1983227768228608E-002  0.11783390647732715     
  0.13311061067617005      -0.10991322708417772       -3.6773206760637923E-002 -0.20399089209104904        3.9774651375653969E-003
  0.18221500635450208       -7.0985846329135627E-002 -0.16237395870806146        2.8712988928207117E-002 -0.15919576518040618     
   8.4117046167554985E-002  -5.9669721986637961E-002  0.11002635842667431        9.5609089701661085E-002   1.5352628513722507E-002
 -0.18183231684029239        2.3182615613540149E-002   8.0345008282240948E-002  0.15362158532456910      -0.12156270131306211     
 -0.13711556713714304       -3.3547136312702709E-002   9.7030596051506074E-002   8.9067733802230445E-002   9.3030707527468018E-002
   3.7478784153129989E-002 -0.11125859809139517       0.14920651568209276       -8.3475193072490184E-002  -7.4937402347805590E-002
  -1.3690003919461480E-002  0.12950304623819545       0.14266227358998382       0.11859110735524317        8.1174910047050838E-002
 -0.16129634938278323        7.7586117479528482E-002  -8.2981107974411689E-002  -3.7510413464113664E-002   6.6601186410339908E-002
 -0.14491258868117476      -0.18551929366542519       -2.2380713733083552E-002  -2.0900282990817774E-002  -9.8985286750467152E-002
  -6.3092203969232805E-002 -0.11429951658394007        1.5226538642947235E-002  -4.6257568267750238E-002  -1.9284179959533658E-003
  0.22004287305878228       0.17668877284759718        4.5039510045958998E-002   5.2787975801609231E-002   1.2943749051180923E-002
  -5.2641496736355799E-002   5.2276294925454332E-002 -0.11504544094355915        5.3172798786303856E-002 -0.14078732692912965     
   2.4056854452122262E-002  0.19812784892010243        3.6158759826621758E-003   3.2429306966287576E-002  0.11166829699646244     
  0.24536068403031241       0.24801890788942973        5.0028186492954721E-002  0.24292539192076792       -1.9905835930341689E-002
  0.16034872828397170       0.17297995384569351       -6.2584109989572687E-002   7.7879530420783931E-003  -1.1402848666171401E-003
  -9.4493565142859393E-002   9.5936128205989651E-003  0.11634315227602522        5.4578727626763669E-002  -6.4984438476166889E-002
  -3.1951110208563734E-002  -3.3756679685154806E-002  -3.4285419355734571E-002  -5.4449425363002874E-002  -8.9588289272400812E-002
  0.20997551202610382       0.20832189815342647       0.25914793139902226       0.11040365168206048      -0.13680404781898900     
   6.4366382668653133E-002 -0.11643385126024206        9.7955636901933846E-002  0.14379874429689726        7.1808971812705374E-002
  0.12329387498767355        6.1752057424652368E-002   3.1617269898638847E-002  0.16353330125555068       0.10594299640616733     
 -0.11563363980845963      -0.16085311937764163      -0.14137076747789831       -7.6623661451753122E-003   4.6507048947801999E-002
  -4.7836553369226389E-002   6.7175561555678193E-002   6.0333620422627812E-002 -0.13675981927331557      -0.16087012608112072     
  0.12598705537549232       -5.4584750821893797E-002   1.6101475165366204E-002  0.21963528406530039       -3.5143564216403363E-002
  0.16059087047434828       0.14914879483804666        5.8048211075773154E-002   4.5844767779627732E-002  -3.6073599754156450E-002
  0.16825234623835303       0.22181809383626078       -4.0963040714414665E-002   9.1736152688412884E-002   4.0322259995594363E-002
  -3.7880041180100597E-002   6.8963915443598520E-002  -8.1324686566469087E-002 -0.11541687714521938      -0.11501838850192338     
   6.9027722004792777E-002  -2.5332790058571985E-002   3.6759068265305047E-003  -2.8862198449111511E-002 -0.14175111726230416     
 -0.15605969988657697      -0.18231145364735754       -9.0365997367918949E-002 -0.24551414181284503      -0.16415403892671637     
   1.9451355383413450E-002 -0.22182804266471851        8.7006739035163955E-002 -0.14422409665544722      -0.15061746087950001     
   8.8548962114265384E-002  0.11820743073378343       0.14661267515644541       0.15604749079680366      -0.11535866113500175     
  -4.5408162090923271E-002   1.8793395404616348E-002  0.10757229154352146      -0.10748497882927084       0.13971307734963334     
   1.6667037292227474E-002  0.16122356913772010       -9.5508540915345656E-003  -2.7406871356134187E-002  -1.9692545796350460E-002
   1.3399041626821420E-002  -5.8271665847711603E-002  -4.8410086957921893E-002   1.2910348144073928E-002  -6.4874385940159457E-002
  0.10753791898898082       -3.8298183714036114E-002  -4.2833800853620936E-002  -6.7183198119452947E-002 -0.10871977984694425     
 -0.13283988705657379        8.7794007161644191E-002   4.4682614142011835E-002  -6.6819815148243505E-002  -4.2577712081938154E-002
   1.8880220781128103E-002   2.6195055712851169E-002   2.2838771899955375E-002  -7.5254546602227274E-002   6.5796016757133216E-002
  0.16229369118782833       0.19123865728177075       -7.7887768367955135E-002  -6.6227055944063376E-002   7.8873188931571733E-002
  -5.8230818559755357E-002   6.4936305786492815E-003  0.21456649069091921       0.10984035488114893       0.26725305693003193     
   4.1878535887212021E-002   9.0911432887683691E-002 -0.13830883704859290      -0.11223199287989620        6.4850245290737962E-002
 -0.13259421764658089      -0.10831929508463894       0.13274714427779094      -0.11989924150124939      -0.19426659002964311     
   1.7893958663605908E-002  0.13067364725839284       0.12942132937175937        6.7050656715946080E-002 -0.14672512953156730     
  -1.1818204836830772E-002 -0.15463078387801096        1.8935224056317156E-002  0.11251649950585456       -3.0619913345381174E-002
  -3.5560227978171162E-002  -2.2204556520530154E-002  -2.4611865141101228E-002   3.3904421432894447E-002   8.5844803214599433E-002
   7.6381119016188104E-002 -0.16419905911054927        7.1235120237013838E-002  -7.6359093851485982E-002  -7.8152199368779332E-002
 -0.10767169992100482        6.0422365336901103E-002 -0.17820667169977722       -1.7925274459519556E-002   1.3211931691336249E-003
 -0.16083532219925550       -6.9350358178737775E-002  -7.4757806588094528E-002  -6.4035203130614574E-002 -0.12775989779111518     
   9.6266832138832914E-002  0.10816602359924321        5.5052934308535226E-003  -7.3740472652943201E-002  0.17204063127138366     
  0.11589565414077015        2.6675913896280726E-002 -0.22862843887737022        2.9086504857017172E-004   9.0451683639579311E-002
  -5.7874725535738199E-002  -6.9629305560310911E-002   3.2184109902626025E-002   1.0771534589249022E-002 -0.25896020215474558     
 -0.10472447348328022       -1.5944448161345253E-002  -6.5983342350857468E-002 -0.22896841462038892      -0.13800114846067468     
  0.12225076157320149       0.31029817335798288       0.25671616191347912       0.20779821135867302        4.9365801308464741E-002
  0.13466349376450940        2.6278816826220113E-002 -0.13618062293889069      -0.11041978056321416        4.8510270513525633E-002
   3.3020031656307652E-002  0.14052872503010475       0.26920317404229738       0.17294272016925497       0.10027414018643543     
  0.18905628761941590        8.5651060867475204E-002   6.0084966248227283E-002  0.19225319495730947       0.10947073733490280     
 -0.11976436963136027       0.15338338739364199       0.20473682293786763        8.1791318940507368E-002  -6.5469152304880485E-002
  -3.9027218530199553E-002 -0.14461048357156533      -0.21327815120817437      -0.21034987973763233       0.15700675226118727     
   1.3531160942979702E-002   5.7464063646533510E-002  -4.4995096371942468E-002 -0.12554231768708490       -6.6448316570477242E-002
  0.14308456222279298       -6.5468082907662761E-002 -0.12664690626158631      -0.22496895707372627      -0.15289507555511517     
  -9.8577780487822605E-002  -7.4879508000728401E-002  -4.0111411690011325E-002 -0.13271287762648712       0.14246068553716354     
 -0.11830640810103607        3.1073710040005902E-002   4.8124510228365780E-002  -4.3457980957465114E-002   2.5437383206263448E-002
   5.8255497443156806E-002   4.7099428072137385E-002   8.3499523247497556E-002  0.21728078669268208        3.3306392967648903E-002
  0.12724339199932347        1.0129849262720626E-002 -0.14280452506752209      -0.12213818035604565       -4.7998588878603518E-002
   8.5308225871630242E-002  0.15379684750216291       0.10225026352983445       -8.4162920082742496E-002  -6.0311465350317478E-002
   9.9479245554310786E-002   5.6419236589432264E-002  -5.3457806249291334E-002  0.12212019257520795        2.6788124122424279E-002
 -0.19457171022588671      -0.13410908240055019       -5.6439002955199040E-002 -0.13009750627498698       -5.5369593321497837E-002
  -4.3643272695640577E-002   5.0212706407694735E-002  -4.5699697222515254E-002   7.3700334538027421E-002   4.1035096851001894E-002
   7.4720816290243658E-002 -0.16373349017065625        7.1458523692669085E-002  0.12941342234586858       0.31119952646270582     
  0.15850605168557150       -4.3115962570194705E-002   5.3314433145662130E-002  0.12294287469529384        3.9566758649970099E-002
  0.14890500667755410       0.10167904326162769       -4.6446778751422111E-003 -0.15984884227963747        2.6253675733725279E-002
   2.2328924130923238E-002  -9.1662992483174499E-002  -6.0598272590738834E-002 -0.13092049649253665      -0.11444081537539373     
  -6.2678901892558161E-002   3.4567334817463227E-002  -9.8173265686433794E-002   7.4687657299197366E-002  -6.1030851486255540E-002
  0.14681579531598588        4.4812237645990627E-002  -5.4382563012975879E-002  0.16039800940013266       0.15944095464807556     
  -6.2962343418486735E-002  -7.0766793343691251E-003   4.8436527339426855E-002   8.0114789092020397E-002   9.0809791435150292E-002
   4.5593959585048471E-002   5.2203196956725269E-002  -2.7769869725016851E-002  0.10409291092764748        3.9776293845746345E-002
  0.15098715061925200      -0.12195701731504452      -0.11593459644127875       -4.5674808291404051E-002   6.2563631701911662E-002
 -0.12551069839586312      -0.14694612983078217        1.0146841884699052E-002 -0.19157654941531876       -5.4216292348616968E-002
  -8.8044120234386278E-002  0.11292622182816714        2.0879037757799847E-002  0.23561841708408007       0.17750299022513835     
  -3.8849458752034369E-002  -9.3130063784167438E-002  0.13448745466686771       0.22338407981039482        8.4522383600841577E-002
  0.14975018209748336       0.17201767285560876       -2.7019857104073997E-002   5.8336823073684560E-003  0.18137225087761941     
 -0.10165013999147725       -5.9871965225516570E-002  -8.3785033940384210E-002   2.1716401285085517E-002  -8.3885287878397274E-002
  0.10537689182283083      -0.12923665501953432       -6.4097809320754248E-002  -7.2609565796912912E-002   8.7392487722775095E-002
 -0.12892965781678292       0.11216794674850768        4.9094087516487750E-003   2.6800684267171224E-002 -0.14559999910291060     
  -4.9460328675267944E-002  0.19892362152386031        5.5967294223692073E-002   9.3825688035767754E-002  0.12159950987200714     
  -5.1794921415330729E-002  -5.2947873163713972E-002  0.12113078038269752        4.6124299331157664E-003   8.0530160257188295E-003
  -6.0047827498211255E-002   2.3989727786563414E-002  -3.9246807268861129E-002   7.8902273170339161E-003  0.18148323396784255     
  -6.1161308026876828E-003 -0.12186091239441227       -6.0268123325901111E-003   2.8343870289666073E-002  0.19215554979664595     
 -0.19343399003297806        5.5673245636922761E-002  0.10320671311044945       0.24164012632746254       0.28026168389312578     
 -0.14301278207459225       0.16505460524879406        3.6583886103826395E-002  -6.5200239293732587E-002  -3.5163384313368982E-002
   7.1092443500500355E-002  -2.5561486963328463E-002  -9.1209566063242375E-002 -0.17170688492751660       -7.4114564899245880E-002
  -1.0799207224024904E-002   9.8354608302890292E-002 -0.21620841655037129      -0.21616200801140192        8.4857531214213213E-003
 -0.16632670509592898      -0.22792073234727031      -0.12300143427829674        1.1590622948312597E-002  -8.0563101167233697E-002
  0.15160994600174704       -5.8819057875896016E-002 -0.10445840217623152      -0.14360186181700477       -9.2060489376280460E-002
  0.18369568415518636       -7.0715542072267198E-002   3.2974151520250169E-002   1.1784404397954620E-003 -0.11699871603896293     
 -0.13243792254117623       -2.7050318922750591E-002  -7.0768127228507394E-002   5.2213053835130578E-002  -3.8248881122570952E-002
 -0.11316363957435788        7.0034451970763689E-002  0.14659328522380094       0.24368028553638407       -1.9385955519843460E-002
  -8.1456108611141775E-002  0.18976837795865123       0.17105294488142772       -1.9492263086475663E-002  -5.1186952035906993E-002
   2.5493260564280334E-003 -0.17980762748370177       -3.1560503794058489E-002  -5.4855422761181466E-002 -0.13456359152615047     
  -9.4661906786347075E-002 -0.19488640015155001      -0.12152423741599522       0.18468399415411649       0.19175441730749043     
   8.2522546238595645E-002 -0.13024787250429343       0.11567817304301264       -5.2638122160488875E-002  -7.4070207460098800E-003
   6.8473171401548613E-002  -9.0469395736350447E-002  -8.2683786639265511E-002 -0.13389203978513611      -0.10671559466798033     
  -3.1708158476185543E-002   2.5416978124145298E-002   8.7253068108996010E-002 -0.17312800916566878       -5.7596010115613043E-002
   5.0140888260418848E-002  -9.7857460822323356E-002  0.18529752171334690        4.4923513513116804E-002   6.9106149113475077E-003
   3.1360361025327382E-002 -0.10722129564917257      -0.10844993634858666       -9.3930716172111781E-002  -7.0882105447228505E-002
   9.0824676228721410E-002 -0.10711943690067872       -1.7934011038920554E-002   9.6673148893865010E-002  0.14820637274270476     
  0.11515247936439051       -8.7294403446780092E-002   1.5729447103898730E-002  0.16309256836990377      -0.17057793269646671     
   1.9379139024770280E-002 -0.13020690520773087        8.9189001711117544E-002 -0.11845817369019920       -5.1872505635469114E-002
  0.10386084275397689       0.29771506177845614        1.4127386091421119E-002  0.11432180703419620       -2.0755564365122076E-002
   8.6000703344904436E-003  0.11537084495048389       0.10691982482372628        3.9111697473452979E-002  0.14346439240172060     
 -0.18747349103480143      -0.19458263262878714      -0.14053856547931048        5.4216854493369153E-002  -2.1174156687686841E-002
 -0.10485282168064454      -0.14385640410067074      -0.23222576493006317      -0.22479091650836211        6.3772737534463858E-002
   2.0186689175982826E-002  -8.8691822664615852E-002  -5.4190611766957442E-003  -5.6497671610964098E-002  -9.4255983413681910E-002
  -3.5799651288962890E-002  -4.2293615380635703E-002  0.12172144191837235        4.5955935869508698E-002  -9.4393538487771045E-002
  0.12303864862736820       0.24324564483447697       -2.3048139311710805E-002   8.1697528774300768E-002   3.1922689960846275E-002
  0.18288759079931596       0.21679962360891461        1.2396329958123897E-002   1.6782971277179502E-003  -5.4853504974770581E-002
  0.16702133702687832      -0.16308995767378873      -0.16200801532436812       -7.6248482262617698E-002   3.3360773962040043E-003
 -0.14592021770971583       -3.8643620878904821E-002 -0.19115062303081015        1.2926150679677260E-002  0.11100502287967406     
 -0.21868952256944599      -0.16314882091941840      -0.16812447379754134       -6.6767233501391368E-002  0.14493917858346297     
  0.21989681949936737       0.24707596488628550       0.14931257029381625       -3.5728119081974014E-002 -0.12102096692964168     
  -2.1478232802957447E-002   1.1388780608756574E-002   7.9259932859469431E-002   7.0084420828364982E-002   7.2180031509817139E-002
   8.7250022832265933E-002  -1.4519243171384668E-002  0.14311324456117394        8.4080976479759706E-002  -8.3341545160841704E-002
   8.8414194710508306E-002 -0.15158468813133000       -9.5063603788105827E-002  -7.7464519445248403E-002  0.15565093306127320     
  -4.5662811992150393E-004 -0.18235975732189313      -0.14294326831675644       0.17012788847994234        9.4882722811198444E-002
  -4.8780748421870780E-002   7.9657806609795961E-002   3.5066811672340624E-002  -5.9619925855176857E-002   2.0566832731724279E-002
  0.12632785746207750       0.15433206763775792        2.9683913257522551E-002   7.6475500904900476E-002  -2.8806782986775796E-002
  0.17736981122406781      -0.12359318405777617       0.13731608732133224      -0.11364083112290251       -8.7539613828883034E-002
 -0.14037375729706100        2.9524939469758659E-002  -9.8597991924137068E-002  0.11573306013241001        9.5421327915349921E-002
  0.12804651573231110       0.25640839641475222       0.28195458105560123        1.2746342081296181E-002  0.15235921082321122     
  0.25151370564498249       0.35589165529806122       0.22795627186062267       0.12000544613217762       -4.8430406008432729E-002
  0.18145694244106561        1.3518492917811768E-002   4.6741313506592094E-002  -4.2027664434119962E-002  -9.2145551089471034E-002
 -0.18213430345208642      -0.15057265902363212      -0.13245545258860345      -0.12782757639113482       -2.8654843839769909E-002
 -0.11471179236303100      -0.28936853765234682       -3.3647273435229601E-002 -0.13950058270782989       -1.9064886414842191E-002
  0.14826387371789343      -0.11745811099350317        6.1808107061885602E-002  -4.7950946469049655E-002 -0.13093056006057105     
 -0.14200728653518754       -3.4277355843741052E-002 -0.17681353534505734        3.4955266358686510E-002 -0.10962043554499638     
   9.0940047126928131E-002   7.3760525047884509E-002 -0.15550710143681939       -2.6335782087569443E-002  0.13516049784224179     
 -0.13722914128558897       -2.5704598875779115E-002  -6.8902323931757853E-002 -0.11516409732971782       -2.3368453806361777E-003
   8.2430501611521656E-002  0.15166836099808831       -9.6718121159150346E-003  -7.1913246431869013E-002  -7.0614867510158885E-002
  -9.8823744428643959E-002  -7.3751569644087786E-002 -0.18079718819001106      -0.14947467176381368       -4.7754828869914681E-002
  -8.1423492587420279E-002 -0.13895668716352136       -7.2212901656223488E-002  -8.0814468569452930E-002  -5.8284752130346014E-002
 -0.13481980709624666      -0.10747048706207452       -1.7575506559173216E-002 -0.13672063244327098       -8.2792901152979326E-002
 -0.14834130182843280       0.13014031838121379       0.12587320685213643      -0.10077777303111264       0.10032139192233400     
  -5.8951142201830932E-002  -2.4276718213562001E-002   7.4191173278777153E-002  -9.2141858092688711E-002   3.3399045962138607E-002
  0.11684844930811167       0.11104412438448205       -9.1471014202476504E-003  -4.8429853535089662E-002  0.15687178808621666     
   9.6840772259946306E-002 -0.11445534640541609      -0.16803214713688389       0.12943346479050297       -1.3197631698351451E-002
 -0.17158844303270102       -5.4543991876189524E-002  0.14390517989996676       -2.9238776240583207E-002   1.2525883145539792E-002
 -0.14281781595903043       0.15550762174952337       0.12167107518089246       0.15766685192605454       -2.0215516980456590E-002
  -5.1826207189144088E-002   6.1965724190209799E-002  -5.1134853009306785E-002 -0.12264906429226322       -7.4722447188796462E-003
   3.6529292568407493E-002   8.8991395644454602E-002   2.6883818562025600E-002  -2.1268148299565689E-002  -5.5076876798045286E-002
   1.5341483092620820E-003 -0.14703420591365990       -3.4923200585051467E-002  -5.6527676254513069E-002  0.14256283879676121     
  0.10107699189889253      -0.18383050311638419        9.2296311038942910E-002   8.4547056987835517E-002 -0.11160576555619070     
   8.7525488507273888E-002 -0.23209419216969782      -0.13175412995676866        7.2527204506992460E-002   8.1194257147195734E-002
 -0.22686279083100774        5.4315145393595006E-002  0.23079108219864058       -4.2327518438856557E-002   9.4749063512600318E-002
   2.8255167277899212E-002  -7.3534774611097323E-002  0.16009815549860076       -6.0239270117424443E-002   2.2250857742995525E-002
  0.18694650501424862       -7.6914470521504227E-002 -0.12004754703102702       -6.0058133201217771E-002   6.5397349079094697E-002
  0.16354710141375092       -8.9871586186402438E-002  -6.0946546846283332E-002  0.11722161647546310        3.1688822263440261E-002
  -3.9843967541895141E-003  0.16187512147628971        6.8968866850292632E-002   5.9628691318121055E-002  0.13748200309385131     
   7.5458975701352751E-003   8.0069531128728028E-002 -0.12520847862054552      -0.19743325938057946      -0.19316673562777939     
  0.17583570370424406        6.8994811858667224E-002  -1.9388622309566381E-002  0.13596538853697154       0.13148770252951172     
  0.11536635005098315      -0.13723498045111326        2.5893845859824866E-002  0.10631605242710229        7.6893386914063874E-003
  -4.6400213881240791E-002  0.10321185235636235      -0.15756646725131959        5.2246688842780303E-002  -1.2754949729655386E-002
   5.7657810691732703E-002   7.4458424850774876E-002  -2.8591002706776607E-003  -4.9411051939559240E-002  0.19346587365288687     
 -0.19359278454289125       -7.1927534781466330E-003  -5.3350148833770164E-002  0.11725669425816816       -4.2864777448496899E-002
  -5.1864159548293584E-002  0.13162347936768970      -0.15575794107760949       0.14264574831618829       -7.3374053282128343E-002
  -5.6796836829720830E-002  0.12465631164981986        9.4656550309176163E-002 -0.12754845724448494       0.14184260640353652     
   7.7912302731788591E-002  -9.9510737690345880E-002  -6.1617308934680320E-003 -0.11561271205424686       0.16535661403297844     
 -0.11576745629832758       0.15201134185126045        1.5749773303623475E-002  -4.0188459880858597E-002   9.9174380094295578E-002
  -1.3561399752655058E-002  0.14638967298096106      -0.12019549295020453       -6.5311508640941748E-002   8.0639730483884703E-002
  0.17336951489787980       0.18936732826952721       -2.2983883107667295E-002   5.9152395757850910E-002  0.12137984286430405     
   3.4126383916554593E-003 -0.16060083924371985        3.6539357344102068E-002  -3.0189380409858545E-002   9.7534885433653642E-002
  -2.1098943654832510E-002   1.7160064783750472E-003  -7.4266882123223271E-002  0.10468364805562215       -2.1653611950910128E-002
  -8.5202563565157471E-002 -0.22736952791384357       -3.8924654754818024E-002  -4.7170103321919440E-002 -0.13326742533374131     
  -2.7610616283585260E-002 -0.12717035242838531       0.12674753693810914       -2.4417920982519787E-002 -0.22842271801595360     
   5.2387679316182344E-002 -0.10439506855759977      -0.16310173678614359        8.1800298987868295E-002 -0.11186688071142427     
  0.12483993996072515       -5.1954242669082648E-002 -0.16375826734855542      -0.13806697071343801        4.2757222099043979E-002
 -0.17848542994734970       0.12528238634918071       -2.8231153935045245E-002   4.5567966658282430E-002   5.6938500764137694E-002
  -1.7964452892683280E-002  -4.9546757779666779E-002  0.14155022518017249        1.8629439883829025E-002  0.15378480148079440     
   8.3252692430316647E-002  0.15115012300202554       0.13350538847273163       -8.5162187555659255E-002   4.9068367867577282E-002
   9.3790181198624825E-002   9.7902967083817849E-002   3.3708592447340480E-002   4.7312279987165098E-002   3.1415808941230146E-002
  0.16118480988695966        5.1748079412289403E-003  0.11231026325050178       0.11432847615744612        2.3296153286544729E-002
   8.7735301521201722E-002 -0.22419778257930664        6.3597045670702679E-002   3.0532842646054860E-002  -2.7607695206870890E-002
 -0.10280094259093912       -4.2596550380046207E-002   6.3496952808093990E-002   3.2770670694139997E-002   6.4237226122263388E-002
 -0.16803805622171603       -8.6136955574181006E-003   9.9930392864875067E-002   3.4578463115519598E-002  -4.2838087758382687E-002
 -0.12529902113003352       0.11769702475442449        1.8428962320927585E-003   8.2514500406103086E-002  0.13808120914250704     
   6.0248482743706887E-002  -4.3418877874039426E-002   3.7668016457977051E-002   3.7431189561858147E-002  0.13942738780993388     
   8.0227419890839591E-002  -8.5201512424921688E-002  -1.9231210673177301E-002   8.8558588667591726E-002   3.1473101186672327E-002
   1.8281965131940508E-002 -0.20514936497868527      -0.18556453341028623       0.15618211056337181       -8.6385586299849923E-003
  0.10981650239882308       -8.1378873936484727E-002  -7.2717067805724298E-003  -2.1774764012612639E-002  0.16327571357035328     
  -5.0183867830768746E-002 -0.11564964897787627       -6.7072669155767456E-002 -0.21992985167187390      -0.22611247541636340     
  0.16492771064439685       0.20817442863768887       0.12531126984359234       -2.7185961988814126E-002 -0.18092064783657982     
  0.20080290805962422       0.20902478959435258       0.19222943106211432       -3.3725680287985866E-003 -0.13790448798478772     
 -0.12132319493424951       -2.1374606502471263E-002 -0.19602667960204767      -0.12454496693396418        4.2702548070216506E-002
  0.10303633494885674      -0.24762811627902434        3.2895438879459386E-002  -7.5967370600976608E-002  0.13436754883822427     
   7.2732114230980666E-002 -0.13389411059915723      -0.16804509829738509       0.14269146846496977       0.13918728779496145     
 -0.21704366126847882      -0.12376773101782353       -7.9643636932415968E-002 -0.15184676029064806       -3.4623262453774693E-002
   8.8702840991186305E-002   8.7080322101091998E-002   7.2406132659374123E-002  0.19065427164366167      -0.18239379397514693     
   2.5619821847923021E-002   3.8823775902404989E-002  0.13724313603098950        5.1762098021115185E-002 -0.25396043281863934     
  0.18319843936983018       -2.2139085830220298E-002  0.11762888365242274       0.11101575854003133      -0.16041626690946523     
 -0.16979948562639910       -2.3222363069810598E-002   5.0251830893625615E-002  0.14950116037822592        5.9067030484532497E-002
  -7.5976916788837973E-002 -0.10857908236370323      -0.13717218587841409        6.9898518335754015E-002  0.11650996860153545     
  0.17335259397275310       0.11333270821294596       -1.4704967052547294E-002  -1.5231795960193273E-002  -2.0645118626497445E-002
  0.20164263734996546      -0.14242202823810080       -3.9230701143159880E-002  0.11212826131928467        7.6527578495680634E-002
  -2.6738805908820265E-003   7.2145634124653815E-002   9.1664020197490023E-002 -0.10978306411511832       -5.0023293148385099E-002
 -0.15750547493092995        6.3225045999091914E-002  0.11209394035497269       0.11363646963980367      -0.10878333948807735     
 -0.16428474694405665        9.3199249481917296E-002   2.2876699527758990E-002  -2.1525348748750121E-002  -5.6725871817668992E-002
   9.2376489211837248E-002  0.13031302909980955       -1.1471900691454777E-002   8.2626418517729408E-002 -0.13956634962381026     
 -0.16195586614491997        4.9147598272714997E-002   7.1927568291270741E-002  0.15060966879785342       0.14447990667704344     
   2.5770517816074038E-002   3.7930950708127818E-002  -5.8861952313930863E-002 -0.11171666135523184        5.8200386900471844E-004
   6.6497277810905364E-002 -0.25560599607707624      -0.16584139413455484        8.8308937059803749E-002  -9.5413764493474815E-002
 -0.10524205408313303       -4.3429085893757968E-003   2.9551522235013249E-002 -0.15906018625628426       -8.2219524804194088E-002
  0.15293586768007769       0.11490587981927657       -4.0656245621964772E-002  0.10575593372312696       -8.2860451496770432E-002
  0.14310235004791586        2.5418548026204874E-002   4.8686132995901646E-002  -3.0685452986440931E-002 -0.26604318806704036     
  0.14727720188266863       -5.9678201759886307E-002 -0.10627644402441430       -1.3002420450454379E-002  -7.0400904914828866E-002
   3.3750564355329860E-002   8.1378472802836666E-002   7.4821447819833534E-002  0.14497205541935188       0.12312599266318633     
   6.6749855542715106E-002  -6.3346700045746496E-002  0.10972481131921920        4.3161922640017926E-002  0.17178688584533222     
  -5.7597603177834814E-002 -0.15456919384418497        2.3664819264289025E-002 -0.16240908812486535        2.0980389938976343E-002
   9.2709841380391303E-002  0.13203365806651696       -6.6459278704305347E-002 -0.15215536862204487      -0.13092017744709483     
 -0.15424807172432864        6.6969829659283164E-002  -5.1268741575166511E-002   8.6118461250876022E-002  -9.0178834610261840E-002
  0.13541790914093846       -1.7692786761268658E-002  -7.5464018600531951E-002  -9.4966027855078947E-002 -0.19109316356596476     
   6.8196219371803618E-002   5.7336374929307286E-002   8.5073232665366216E-003 -0.10570745948522489      -0.13500491684147775     
 -0.14202116309107934      -0.11810550599540195       -7.7136038723776557E-002  -9.4727047484467475E-002 -0.13093198588543875     
  0.13569500012425983       -2.6912311038747985E-002 -0.14617771975573390       -9.7189623366723071E-002 -0.10396525344159974     
  0.22258217934789337       -7.4698894781540140E-002   3.4479616929953050E-002   9.7262983919165963E-002   7.9137575205823943E-002
   2.4191220433070003E-002   8.3417951807652643E-002  0.15701824353340130        8.8416478334604016E-004 -0.11619487290420369     
   5.3930881265120773E-002  0.13477973611448696      -0.18354305972215099        6.5771634368284856E-002 -0.17583441995983243     
  -4.4070890213115756E-002 -0.11513495479221331      -0.10787778603650604        8.9669310305741434E-002  0.17519635079461926     
  -8.8019497905585997E-002  -5.1022438070246201E-002  0.18620807267360662       -3.0751415358413380E-002   2.3132099232938835E-002
  -5.7907027725831083E-002  -7.5489112817508475E-002  -6.0286075202752240E-002  -5.6143810246152052E-002  0.10624095396556123     
  0.18215496807683235        1.2376793166107817E-002   3.3355756454075972E-002   6.6280914411620026E-002 -0.13623192463917946     
  0.12702335587740293        9.6778246059079406E-002   6.7410791186356289E-002   8.0157835903673202E-002 -0.10119950623508174     
   9.1595503885975316E-002  -4.4370998319791882E-002 -0.25814417808724294      -0.17318785771563941        2.8387891551525095E-002
  0.15101730435240765      -0.16689522470463919       -7.0930806670955887E-002   6.7416746677150668E-002  0.10477426592148399     
   7.7178517161734628E-002  0.16324447819615839        7.7459668334196999E-002  -4.5960031596067770E-002   6.6099668694473770E-002
  0.15112997426113897        7.6322993808343093E-002  0.13034842356091877      -0.10903463510301407        1.2303790155016561E-002
  0.15447404772729406       0.14471155159219312       0.16067440696121008       -5.5142125408857906E-002 -0.20572334525829850     
  0.28059605356537409       0.26916509913324427        3.1806915813057092E-002 -0.17155509115564921        7.5821777728740464E-002
   2.3388791764895604E-002  0.13449578088188596      -0.11953752482127299       -2.1263797087431889E-002   1.4511807948820196E-003
  0.15321642241024078       0.10120545164904259      -0.19538260180304953        9.1394920118494968E-002 -0.16781877047844918     
   9.3451379824829317E-002 -0.10371606690795301      -0.11328584886271607       0.10301322729383403        2.6629743150680559E-002
   6.7171256793722725E-002   1.4508183142766026E-002   2.7247324471157020E-004   1.5990112589265842E-002  0.17310711865467646     
  0.11515787432240085      -0.13407699876017137       -4.3652204103219093E-002 -0.17131403719899116       0.15050786546589970     
   6.6532190790187282E-002   5.4959867457680327E-002 -0.16616640021862963       0.14237436017783670       -1.1833184160310211E-002
  -3.8533310321198652E-002 -0.21374137600208754        7.0665059833999039E-002   5.1647679447474289E-002  -2.8954069376949325E-002
  0.14834735814762789        8.4579572775740686E-002  -3.7839619525679900E-002  0.10090051466898217      -0.13059448542595309     
  -8.1117053645143405E-002  0.17104345846378202       -9.0114007043727476E-002   3.7671805314250857E-002   1.7644193472470801E-002
  -3.0390387635384486E-002   4.1659529052470914E-003   6.7287921660295152E-002   5.0145843120587209E-002  0.12942489410922151     
  0.13809696476779301        7.9883829185200109E-002   6.7518434812497016E-002  0.15894802861715751        2.4672087719706220E-002
   4.0295680497716091E-002  0.16417966724187155       0.14916184411248237        9.3832839484321320E-002  0.13753265370976656     
   3.6683172501474778E-002 -0.11781700047057012       -7.4971766913684623E-002  0.15477308415540322        2.3267250121190457E-002
   3.3722205423948125E-002  -2.0349498841118661E-002 -0.19939401864727044       -6.7491082260106222E-002   5.4781738208775334E-002
  0.18466123194934506       -1.1045997584968910E-002 -0.12811664705889053      -0.15058478109203330      -0.15209730775821179     
  -9.6101027561187907E-002 -0.20944515267888059       -8.3361751592091082E-002   6.8770077135983113E-002  0.12344298618004851     
 -0.12772573442086282       -3.4794062426241980E-002  -1.9491954261943480E-002  0.11485069859706587       -1.2753342287696513E-002
   5.1055978298613323E-002  -8.0446290743282148E-002  0.10631071830393628        7.0504233220052615E-002  -7.5362770693085834E-002
  0.12253996981098983       -8.8958656810991479E-002 -0.12758088019077762       0.11738104673845755      -0.21340173141342039     
   7.8745257257867504E-002  -8.8978668351333584E-002 -0.12201673046638302        8.2728913163226340E-003  0.14499280611900073     
   8.0546764954557176E-002  0.17677623187235700       0.12989159021074795       0.15664226564479419       0.16496552249257163     
  -5.7103990345841203E-002   1.8371136968004121E-002 -0.10120803459829883      -0.14032884261090142      -0.17191710424475537     
 -0.14727566779858611        4.7745488534923552E-002  0.17579707982735734       0.13053227268664017       -3.3003945105802894E-002
   5.2965623106678633E-003  0.18148645561750248       0.15124818961662861        9.9599108870105063E-002 -0.17942876679161926     
  -4.9542116773173342E-003   5.5043836342396617E-002  -6.6043896308114775E-002  -4.5397782098757840E-002 -0.17448944046526138     
   7.8069119051569491E-002  0.15274651211443896        8.6394241842523492E-002   4.0949659420666432E-002  0.16412104205240391     
  0.12341724059642914        9.0333104442631457E-002  0.17284968978114446       0.25698898604739162       0.10258062121587536     
 -0.11284235093975672       -4.1086630871364480E-002   8.6986188421683555E-002  -8.1622934733651772E-002   4.1186409185076621E-002
  0.12106034124944556        5.0189286253681693E-002  0.12606002669320060        7.2553856329468425E-002   1.0120200789061182E-002
   7.0201983502078125E-002 -0.19340188182251511       0.10774745761752745      -0.19020151449163591      -0.14828074749445108     
   1.1507667739860070E-002  -3.8501542894610344E-002   5.5884855511651878E-002   6.5557601748272590E-002  -3.2595175514522949E-002
  0.16028874868304768       0.14904697587085147        3.8369804540233442E-002  0.28659886745340979        6.0064939514326690E-002
  0.16594422429641095       0.15449742052136328        7.9721467949149569E-002  -4.9047730640332118E-002   2.0235410227575933E-002
  -7.7312668317306682E-002  -5.9119656987757778E-002  -1.0288255377380560E-002   1.8178860796517489E-002 -0.19072247826901825     
  -5.8699699742618607E-002   7.5870705538960789E-002 -0.21980778580153734       -9.9793189246208489E-002 -0.23015575444215747     
   5.5616782324481188E-002  0.11666882617406310       -4.5373092440528423E-002  -1.8377686868048124E-002 -0.15197804170183080     
  0.12698040797660143        3.2822349912447297E-003  0.17712656899013390       0.27211280282472933       0.10098976957221412     
   9.1060696822357470E-002  0.15066176569089804        8.5417629119944563E-002 -0.14853741340243862      -0.25209730069279096     
  0.10126565482636853       0.26034432023477316       -5.7753211961621760E-002  -2.8903950179611483E-002  -5.8088755262665909E-003
 -0.10268925954217276        4.8493579138908283E-002  0.13163019849023583       -2.8724203075526724E-002 -0.12684420967043686     
  0.12317485070851004       0.11801314422861356        5.5899668068836020E-002 -0.15932713146848079       -1.4697454150927632E-002
   2.1476168208986162E-003   4.4487017050639101E-002 -0.19919839891456853        5.0508104769128696E-003 -0.12849715714044446     
 -0.11410493303958982        2.4173762296066031E-002  -2.7583195211177212E-002  -6.8332242008972893E-002 -0.11503972250211308     
  0.18597163592026214      -0.13331804102307782      -0.13216059115462017       -2.8409187664785705E-002  -6.5619549907069918E-002
  0.14840678964673679       -8.2339311291495396E-002 -0.20054138861997631       -4.5211538879682434E-002  0.20036114109853048     
  -3.2852568794994444E-002   3.1323204736390019E-002 -0.18011802350820907       -8.4781094875080065E-002   7.9654055181023503E-002
  -5.5532745436686466E-002  -5.3418631095313099E-002  -9.2601177909026958E-002 -0.22933612079836049       -2.8279083020967752E-002
   1.5957743886034294E-002   6.9197056699096343E-002  -7.1252811330073870E-002   4.3918226235015768E-002 -0.20960561219303367     
 -0.19771953094735079       0.11769648647530435       -5.7204491360697544E-002  0.16709417574055646        2.6185221438052571E-002
   9.6289370601017027E-002  -6.0119753463667623E-002  0.12359202242846423       -4.2571212187669252E-002   7.1522944127942148E-002
   5.8834097816492230E-002  0.14190912244577483       -2.1403586205580336E-002  -1.1947934039393005E-002  -8.7434014860971909E-002
 -0.18714359111238865      -0.14444629355814936       -1.5351351865711000E-002   9.6595060382385980E-002  0.15476960062076242     
  0.17513944529842279       0.11937620366828365      -0.14060617006986820      -0.22973161822999327        4.8959491223512161E-002
   4.3552219587965166E-002 -0.11020447757743065      -0.21438292809511930      -0.24096650098386257        7.7343159165353212E-002
  0.19785364574096032      -0.11429610307270453      -0.27544300799950411      -0.15305497153614667       -5.4308814961761633E-002
  0.15644860165091135        8.4379230991769388E-002 -0.13898429068718737      -0.14861788280447491      -0.13819762017872989     
  0.16478726438069866       -1.2446059311373204E-002  -4.8277751012984600E-002  0.12857422257248402        1.8805078348330551E-002
  0.19540403575161919        5.9830857841183492E-002  -4.8437212987833281E-002   3.3865629658199948E-003  -3.0120292908835250E-002
  -8.1933004503460513E-002  0.15110614733459374       0.12495972830599517       0.13313873220174391       -5.1771713310407974E-002
   4.2174463924950695E-002  0.13700429915070605      -0.17270761441822036       0.13099609101892981      -0.20420031354728738     
   6.6397715003154681E-002  0.15020881670331140       0.18717292995101403       0.15937772069259909       0.13021660087623979     
  -9.5587101461384119E-002  -3.3061699834759004E-003  0.17247128282786761       0.21097725392928265        1.8302399404557447E-002
  0.16076986651981112       0.14621429650109280       -2.3681031822359852E-002  -4.3788159729539942E-002   6.2865431100858890E-002
 -0.10576015633990450        1.9023498571445242E-002   5.8525515864605599E-003  0.17186585378597538      -0.14559974229966677     
  0.11404758480698299       0.13675478872837346       -9.0919039439356322E-002   1.9755230047844161E-002   2.1820179028548135E-002
  -7.8918313468331433E-002   6.4963015869252808E-002   9.9997782937512464E-003  -2.9129109899114256E-002  -7.3855806885244804E-002
   2.0943152206518659E-002  -2.9586385526259286E-002   7.0463162392129700E-002 -0.14706683262413620        5.3229059081955576E-002
 -0.15500823209668999       0.10751625536132726        6.5465499750483130E-002  0.15319640291624209       0.12406485095753762     
 -0.11445240476055138      -0.11201525037806814      -0.16054301561941811        3.0267630228382008E-002   5.5771568771072866E-002
  0.10122783973040751        7.3362932421186106E-002   1.1502017575466861E-002  0.15889227012629961       0.14372817764567997     
 -0.11966953790070718       -4.3538467001722626E-002 -0.16436100677314361       0.14034597166720397       -8.4470619852030221E-002
  -7.7918634266809408E-002  -1.6713650184594638E-002  0.13519129237014188       0.10272325724365046       -6.8256178300519277E-002
  -9.6200279799208088E-002   6.7505719570823700E-002 -0.12990941218769197       -1.6341371613665628E-003 -0.15739779856942571     
   3.3791561009724934E-002   9.1177641266302470E-002  0.12587048999674127      -0.13397046010183514        3.4432826878873411E-002
  -5.1040505413939695E-002  -6.2760275603170351E-002  -1.9190944926838070E-002   7.5388783470954263E-002   3.5807536724837097E-003
 -0.10115978322125167       -9.2387258056050983E-002 -0.16679602535607452       -9.5116934733028374E-002   9.2084552802074365E-002
  0.11673715746786612        5.7207401850474743E-004   7.6775774109191577E-002   8.1563313706534302E-002   2.8297567001483365E-002
  -5.4143666331185218E-002  -4.4153196579204183E-002 -0.16368717334727334       -2.8744305691896926E-002  0.13365168826130286     
  0.10062237323236634        1.7970758966525866E-002 -0.10426605804196150       -7.1472265931912624E-002   6.4491448116405253E-002
   1.9745185683148828E-002  -7.1403357134690704E-002  -1.2814705754850858E-002   8.6734984371421103E-002  -4.8445558193727499E-002
   7.9057004675628775E-002   6.7057562090641995E-002  0.16768487148419670       -5.7802326049145945E-002  -4.5944377044264857E-002
  0.13997074736979026      -0.13938624460999852       0.13285086273838739        7.8343021206668292E-002 -0.14948421773830603     
   6.0845293092625652E-002 -0.12110582644279154       -6.2982745031298040E-002  0.11990561141520648       -7.0023307465113677E-002
   3.9972982720982500E-002  -9.8550872654577126E-002 -0.15453410749456137        5.1461378832574671E-002  0.11351541048669872     
 -0.10225077631751002        4.1866647167985958E-002  -1.6939596263054735E-002  -4.9271635925611616E-002   5.0250918887611837E-002
  0.15446617329196435       -8.3891069449208031E-002   7.9255596564342529E-003 -0.11726526499758866      -0.11650857405404931     
  0.16909019603412587      -0.16487072823563137       -8.7403318906023361E-002   7.8891617716463872E-002  -1.8687985119062087E-002
   1.1644222833999612E-002  0.16279679877700021        4.0716748321208480E-002 -0.12672082420357506      -0.10608046719740673     
 -0.11652936472283965       0.17505479881411734        8.4753232650341154E-002  -1.7915895163759009E-003 -0.10398612305616053     
   6.9875122330753700E-002  -3.9115186814034378E-002   4.3793649504324232E-002 -0.10338732306884009        4.9307429120318977E-002
  -3.4763098611260153E-002 -0.10165130034192697       -2.2336420504576498E-002 -0.11598349984841806       0.11208073942588413     
   1.8025501295091034E-002 -0.15297091978459085      -0.11738651721811884        2.3102792686835669E-002 -0.11428677658908282     
  -2.1447275124858874E-003 -0.14261634701681500       -4.2830903224269599E-002   1.0839455846778617E-002  -1.1583011334987982E-002
 -0.15482288482732717        6.5246589449720954E-003  -3.0110899334417761E-002  -9.5472474290276155E-003  -6.1139891969248870E-004
 -0.12484340053817639        7.5464725334311616E-002   7.9774237334678630E-002  0.14984217623109619        4.5298211863994409E-002
  -7.7322516810796618E-002  -1.0395566275328148E-002 -0.15855130443638835       -8.8913319363780441E-002 -0.10747110215273170     
  -9.3251333229754565E-003   5.2035056750485136E-002  0.10512640757628430       -1.5555642475963343E-002   3.5798851240860601E-003
  -5.9879699452103405E-002  -7.0233074701329987E-002   4.3170877333818546E-002 -0.16970159797984749       -8.7620508995991678E-002
   9.7724290742119344E-002  0.12652116998900259        2.0454386316697423E-002  -7.1152737769835925E-002  -2.4729373604935864E-002
 -0.11981640842635163      -0.14197013650690232       -4.8356521112264871E-002  -5.4309220067165535E-002 -0.10344012969039543     
  -4.4594639671115967E-002 -0.13060312092287263       -8.1324316222971565E-002   1.6406173821956829E-002  -3.9478846348009904E-002
  -8.7671506279421482E-002 -0.14459961465551485       -5.7922446988257228E-002   4.0249673596298524E-002   5.2917826323510983E-002
   9.7274887298294602E-002   7.4000342552801496E-002 -0.14103459954000519        4.5207963572303743E-002   8.7351307691141383E-002
  0.14505603250145097        3.1417564671669944E-002   8.3087676929186838E-002  0.16659269507949317        8.4196376114452059E-003
 -0.10660185376711875      -0.16436402418234114       0.11624022791103593        3.2555348280227471E-002 -0.15361420134504494     
 -0.19214325909092173       -9.0103055297442156E-002  -9.8176674139315065E-002  -8.3304685638783932E-002 -0.11942325662649550     
 -0.11716128808255365        4.5326857279067101E-002 -0.19078968248908923      -0.12434293488658288       -6.8256909551769329E-002
   8.3455400113057673E-002 -0.15117526799587916       -9.9801966361159886E-002  0.15812847355086151       0.15091468502600289     
  0.13489130754280540       0.18422265034736612       0.19093273095309740       0.17031151959271526       0.14844020516857723     
  0.10681504952024191       0.17100751935387543        8.0284000899083011E-002  0.14093115600593167       -9.5017752789557028E-002
  -7.3682946438981295E-002  -7.9027899255603176E-002  -4.0564264856742020E-002  -3.0881671490702177E-003 -0.13873756598750453     
 -0.17010503105449670       0.12093313919088759        1.8227404394261442E-002  -3.2765555165804081E-002 -0.17085236995691924     
 -0.13288500561277206      -0.19264408584325704        3.1596753213976113E-002   8.0699744812583116E-002 -0.25025531199829537     
  -9.3477530244467866E-002  0.11755615675198233        4.1704416165324908E-002  -5.4427779860445218E-002  0.10599374102964990     
  0.18284188241429872       0.20199689423978023       0.12716528483696957       -9.8867931230830819E-002  -9.0766620046956015E-002
  0.11067671778494899      -0.14305704849165937        8.4415319971114320E-003   6.6436561582947612E-002 -0.12267821543655633     
  -8.8512943467689245E-002  -2.1393657746610246E-002  -9.9661095869940722E-002 -0.14157842444437901      -0.18995750463324595     
 -0.13471064581150405       0.13276550841878856       0.18348400631649986       0.17278024615819423        4.6643822602026833E-002
 -0.20791802812720347      -0.11208008276477975      -0.19429231875335246       -1.0955175703821056E-002  0.14041379214402400     
  -4.5850211291799753E-002 -0.16743029258524705       -2.8880928042437304E-002  -6.8862230002787822E-002   9.9387875573170928E-002
  0.18519862406851390       0.16475715618809422       0.14164356773604359      -0.15955728705750827      -0.15697007906426425     
  0.20790910497436643       0.14368786800778383        2.9212319162686469E-002   6.1465032149980850E-002   8.4707394814732148E-002
  0.14152935368128602       0.14625900065638514       0.14200885324606585       -2.5035351433671624E-002  -1.0587913368288102E-002
 -0.10686156139599381      -0.17294005386308248       -4.4443198328990352E-002 -0.16718035890976490       -7.0449083597085807E-002
   4.9498104862366311E-002  -3.8769006205813368E-002  0.13613178118232064       -4.3455851657427526E-002  0.14816599014633300     
 -0.11298014894102877       -4.3673012891550393E-002  0.10975862507249191      -0.11312122494168848        6.0083445086829779E-002
   5.1083659913209081E-002  0.15930402529060605       0.20960809045015033       0.13907225928234840       0.22533066137543087     
 -0.15643801725478601        5.0572748899557735E-002  -3.4351068443583085E-002  0.16140678920969029      -0.14338014568056004     
 -0.15659023204622644      -0.14258802464596945        7.4874469067866559E-002   2.5926654777778745E-002  -4.0029838285757423E-002
  -1.6304709246315562E-002  0.12532717070190358       0.17559519832331194      -0.11218582916311826      -0.12071232517099385     
  -4.7152064783818393E-002   7.1611433514805561E-002   7.5171175298200957E-002 -0.16744404040365560       -9.9011097931966819E-003
   9.8730126404737342E-002  -9.2105447760317052E-002 -0.10823971272354603        7.3054590370172034E-002   9.2322837087101220E-002
  -7.6968377804026614E-002  0.11695225909027378       -3.1535167059289987E-003   6.8214914989793263E-002   5.9440764899589743E-002
   4.8574244626992287E-002   6.5081655576432890E-002 -0.14733792533712423      -0.16141860800868132      -0.14829090384434299     
  -9.8649849346637807E-003   2.8517824467384625E-002  -1.9330396958329513E-002  0.13969443130767298       0.18473838690696215     
 -0.11894502839206687       -6.3616845030404739E-002   5.6011957881920059E-002 -0.20827561923208371       -1.3155366322050830E-002
  -6.4914104057838790E-002  -6.1221158122841020E-002   7.0084885630989704E-002  0.12836837006793933        2.4518073172358327E-002
 -0.14402034573201172        7.3903245231193779E-002  0.12009010688850583        1.9621749568934752E-003  -5.9129123025261771E-002
  -4.5663929536166270E-002  -1.6732659787084148E-003  0.11988287454140314       0.17966962312759802       -7.6085097911649163E-002
   2.2718083417178257E-002  0.13262603209591209      -0.10375039073521715       -8.7420868595263393E-002   3.6473949685334586E-002
   5.1868394318480206E-002   5.6781213577321632E-002  -7.8484108415872528E-002 -0.19066036761813485       -7.4792283253143257E-002
  -8.8165927279655942E-002   9.8112549443054170E-003  -8.0128535059905345E-003   9.4579267348659735E-002   9.1009370810363782E-002
  0.12501365179161031        5.5198971100283670E-002  0.11393209115558757       0.21488781850794239       -7.3049650973875987E-002
  -5.7415352361678024E-002  -6.3859511615196859E-002  0.20166416986264818      -0.12482359044481492       0.11639661289960154     
  0.10561500909409526        1.0337104045008986E-002 -0.10784718929481796       -3.8163898226701888E-002 -0.15231315414791394     
   7.5777854295032532E-002  -6.5271260156717609E-002   3.2600132702546775E-002  -5.1370031564087315E-002   5.1327568493178988E-002
   4.8279872861987455E-002   9.7316528803463850E-002 -0.17075094015412426        8.3031982593831016E-002   2.0161276278403268E-002
   8.0124109489860193E-002   9.9344507457652456E-002   5.8533566986485208E-002   2.9107634989465975E-002  0.16802019178691499     
  0.11698917677407566       0.14726185113014417       0.11327386550810573       0.13828110673945654       -5.5074676582141019E-002
   3.3655615672367301E-002  0.25904233798595983       0.17834917474384901        4.1505933997579167E-002  -7.5615107923200670E-002
  0.18902541066974410        8.1636259334007463E-002 -0.11257479400616190       -9.2097745155523422E-002   3.5780694851766229E-002
  0.12520317174811016      -0.12489550817380803       0.17102780553973346       -3.7868721110265513E-002   5.8060259347801936E-002
  -3.4177728888749558E-003   5.5475249114364314E-002  0.10729495431189545      -0.10874471226139162       -9.1956007507816490E-002
   2.4102836749584043E-002 -0.20774241831667509       -3.2867081608736790E-002  0.10768497848831451       -3.4728312095339484E-002
 -0.22798947499055597      -0.28994770731143754      -0.12268913513946576      -0.20283936387089033        4.0875862689875510E-002
  0.20313993669073069        4.9408039939210259E-002 -0.10342883223468506      -0.10139767261669572        5.6990364267503264E-002
   7.9832714412482547E-002  0.24939887064754451       0.22186160135785390       0.12116865472890563       -5.1683681572770389E-002
   5.9079632920837871E-002   9.2779734179466528E-002  0.23797075568712178       -5.3352672146921097E-002  -8.1608896917422444E-002
   2.2363951253403663E-002   2.9123997844332308E-002  0.17756365201840787       -5.2027606976231100E-002 -0.21544966069850466     
 -0.13893892571658856       -7.4266195665320056E-002 -0.16122061966385318      -0.21375188221776809       -5.6965194932743407E-002
 -0.13303276729231436      -0.21293231918672831        1.9398311007253360E-003 -0.16263715031994200      -0.10096523433884666     
  0.16224170000402757       -1.5198089487421422E-002  0.11211808609718324       -2.1492614665406556E-002  0.12335650142815595     
   3.7867238761660975E-002 -0.12762228869405123       0.17292150466199288        6.2785312791126965E-002   7.9220426397638544E-002
  0.12206836395015394        5.1185220923036276E-002 -0.10932709901420579        2.5009886873979491E-002 -0.15042400665198175     
  0.13900332515141764       -8.3772871193899104E-002  -9.8602901760690212E-002  0.15906117809915341        3.0322307050211612E-002
 -0.23029405134390116       -6.1834166837064317E-002   9.3284717687554281E-002   6.4477003332349741E-003  -2.1726146808607374E-002
  0.14229174313310156       0.14455325347890774        6.4497478896832425E-002 -0.16688404947998267      -0.10113242628116889     
  -3.3902787264808512E-002   8.3306995285949051E-002   4.8965750047910020E-003  -1.8783329758649377E-002 -0.20276416136130432     
   5.3212280139860901E-002   2.8560371193338732E-002  -2.9265472358586245E-002   3.3417541251628026E-002  -7.9366089222871569E-002
   1.7564994503135010E-002 -0.11643673021100831       -5.1258544366980605E-003   9.6117774624227270E-002   2.5910033551241100E-002
  -9.5017785532809471E-002   5.3892658634244639E-002  0.16255477226859796        4.3995311516797517E-002   4.4407928126080062E-002
  -1.1255476264688298E-002  -9.7270149037495271E-002  -9.7419295409754067E-002  0.16650584614927919        2.7573817169849720E-003
  0.23310190274850931        9.2110273082379429E-002   9.6619724763775644E-002 -0.19026989626920965      -0.15010192471753797     
  -2.5041303516425681E-002   6.1885415601140095E-002   3.6511725936045923E-002  -8.0381944010528589E-002   2.7241669861101811E-002
 -0.26061537429218928      -0.13860132141148646      -0.23692107712333221       -5.7890209305793167E-002  0.17737601878900336     
  -1.5351941549004388E-002   2.4809520539842839E-002  -2.3963625141035585E-002 -0.14029389988807930       -2.9810896206775035E-002
  0.25545714123681201       0.19451439067547061       0.15988675680582681       0.12801122743391835        4.6352389261940501E-003
  -8.0856276235136096E-002   5.0004526414067101E-002   7.6312538943635155E-002  -3.7674913350350656E-002  -2.9762852490333641E-002
  0.15806752332335450       -5.7979474018400652E-002   7.5172552055983360E-002  -5.0587978934417459E-002  0.20905450911015100     
  0.16730358026495215       -2.8047035734467998E-002  0.12765383694201551       0.17488428293101382       -1.7700994093937952E-002
  0.21969803240485222       0.19759377133689801       -5.2273097454882164E-002  -6.3610179088491398E-002   2.2128314701907307E-003
  -8.1032225278514364E-003  -6.7653596162803822E-002 -0.14238440904514629        8.0945795743289653E-002 -0.18763383320797042     
  0.15116707383452074       0.22292143372485904       -9.3312659237101275E-002 -0.15538950248626066      -0.16076048185173408     
  -5.1345464114483076E-002  0.16987862165440601        8.5511668470313842E-002   4.9313961856250171E-002   7.9243832065403474E-002
  0.19732242911053016      -0.12839961590501983      -0.19510785096422259       -4.3853929278359474E-002  -7.4218229320647975E-003
 -0.14019943701361115       -8.9141333401801109E-002  0.11438183609804679       -9.8554107917654454E-002   8.6317999452266536E-002
  -3.4442440285114277E-002 -0.11096376281583699      -0.17190798125840481      -0.11554060421729931       0.15206624556749995     
  -3.7861276066955517E-002   3.4047740190187518E-002  -2.7197072227408355E-002   5.6260777740734791E-002   9.9836206596945296E-002
   5.3781469518579969E-002  -6.7178514014687621E-002   7.0021460367061208E-002  0.11953959630130440       -1.7436753798591288E-003
   5.5402427049071827E-002  -5.3874789334116518E-002 -0.14924098726045812        3.7148650207379320E-002   6.5276465662949756E-002
 -0.15210405955673720        7.3459836925337557E-002   5.6925415073192731E-003 -0.16798404694322100       -1.4914082051132210E-002
   2.0512647980230345E-003 -0.14025310074882802       -4.4850967785711793E-002  -1.2130189100063310E-002   4.8349549793603230E-002
  0.22595104196433508        6.0798351948486019E-002  0.14589297136353566       -1.0227612455394348E-002  0.19505394776409829     
  0.11817235496694657       -9.5998859545592730E-002   2.9520597139822212E-002   1.9723129588970840E-002 -0.14191086989592616     
   5.0091871887727275E-003 -0.11611275299247364      -0.12749799115348093       -6.8990252017868250E-002   7.7716666751083172E-002
 -0.11505735321816522      -0.20227881829746905       0.10426458141016649       -3.5227621528005258E-002  0.16965769517214202     
 -0.11830892313029816      -0.12349315606911269       -5.9243155865716192E-002  -9.4096166357950414E-002   8.1649190011243239E-002
  0.19689413815248336      -0.14585622817043417        9.5293610511605120E-002   4.9407762369376100E-002   3.3898243588332287E-002
  -2.8953002368077218E-003   6.6004860703725007E-002 -0.18427119897500180       -6.2761118274956965E-002  0.16735933034257366     
   9.8982245946780179E-002  0.14376279563336106       0.16730877715537459        7.1553757394165432E-002  0.13171977774564003     
  -9.3045066570348681E-002   7.0765964247823014E-003   7.1722971709651112E-002  0.15363890127466523        6.6464874681208028E-002
  0.10316236407490449       -7.9797067698632970E-002 -0.12292845051712686      -0.11002312914986079        9.3748208512610523E-002
   4.5122074674501286E-002  -3.5322287108876138E-002 -0.19077424157327541       -6.8514468529771071E-003   1.0757719954128192E-002
  -9.7114526396213360E-002 -0.17815592268023497      -0.17092094170361469       0.13585686508909306       -9.5092342550417860E-002
  -5.1691801257433251E-002  -2.3825208302714014E-002  -4.6924487763268401E-002 -0.14448976891469392       -9.1111530336649808E-003
   9.1938284671863046E-002 -0.12372331399835346       0.13665325187698477       0.10818276351902387      -0.14003440225347857     
   4.4402599135016749E-002  -9.0629343405493223E-002   9.7987778511615969E-002  -3.9924766148890518E-002  0.15287302353358972     
  -2.1299887673603590E-002  -6.0776963373169207E-002   4.0776685092504497E-002 -0.11033396109235723       0.11385167420079770     
  -1.0065536600710126E-002 -0.11977059750110593       -5.2374732255528918E-002 -0.10703543622658658        7.1604578690667053E-002
 -0.14999916215272141        7.8600032602459291E-002  -7.2364823462257061E-002   1.3243089079753120E-002  0.10192970482903337     
  0.14950149884376226       0.17117181309465529       0.14979763320990985       -4.6021415744698813E-002  0.18434084279849658     
  0.15374138160739845       -3.0944530411252547E-002   2.7464090057988094E-002   3.9916554166383678E-002  -9.3637428639587753E-002
  0.22907393944800855       0.14371783602132182      -0.13242249180010690      -0.12609845955725010       -9.4755922385967778E-002
  0.14426627195435704       -9.8085794844760182E-002 -0.15855102398456725       0.14614988213769664       -8.9273673932897521E-002
   2.1377205030164031E-002   2.7035421926259431E-002  0.10147657334603644        5.1810992475667915E-003 -0.10665035356918608     
  -2.8348703766510934E-002 -0.12121149547902310        8.6596146687973122E-002  0.16320374145418015      -0.17612513807558192     
  -4.1121488743580674E-002  -8.6968333178014848E-002  -9.1159920578653700E-002   9.4045858999066811E-002  -3.5027539238783698E-002
 -0.17522196113507987       0.11301343966980266       0.11549456476176094        4.0282646989068471E-002  -1.2180046680391431E-002
   3.9847200070628488E-002  -4.9944124993740346E-002  -8.9694445667708664E-002   5.9684372529398941E-002   9.7771964801166455E-002
  0.10579225537948445      -0.11303723837393474      -0.15951041947127317       0.11739206089069557       -3.1446713751307184E-002
   5.6860792316588561E-002 -0.18731131195464129       -2.2848132416686855E-002   3.9006523487638049E-002  -2.1087318350383386E-002
   6.9948904434017176E-002 -0.15079578048957232        3.7275422938175290E-002   6.1068873189553258E-002  0.16665472258884106     
  -6.3367615844035899E-002  0.15369437594259283       0.12494976922732091        3.9365854797834962E-003  -7.5529917192493329E-002
 -0.11359507054592188       -5.3134157211542597E-002   5.2790311323157521E-002  0.10970840809564390       -1.5947813980486846E-002
  -1.8417589625030140E-002  0.11123566570578622        1.8729782945371030E-003 -0.12490201481661327        6.1807084383184364E-002
   9.7568689387875440E-002   1.1757067502557400E-002   9.5196933953145563E-003 -0.17775960189267223        2.3124769362396397E-002
  0.19332434480030142        9.2238352720973221E-002 -0.13441829056643614      -0.11682038657367873      -0.10387650874410091     
  -8.0056188065372097E-002 -0.13233383467636214        3.3150333683943517E-002 -0.12978388216175038       -4.9911235183012718E-003
 -0.10347709746461005       -8.1889255710324335E-002   2.1241130463611139E-002  -8.8508787548711235E-002   2.5183383280651946E-002
 -0.15913128267550167       -8.5140199949021653E-002  -1.9798565337805822E-002   9.9965165840977852E-002  0.12109809682631631     
 -0.14423482503837870      -0.15871863775831008        4.5468871337495283E-002  0.13218468734073441       -9.9916279852952979E-003
 -0.13621248578984835       0.13799109242225852      -0.12300647858561928      -0.13303008233957722      -0.17656128892299805     
  -1.1472239298621565E-002  -6.0024460457967360E-002   2.2040481284082480E-002 -0.10270809703124810        9.7706248295760509E-002
  -2.7891943466043082E-002   3.6925704442246285E-003 -0.15636408406628319       -3.2205999506148872E-002 -0.15306398261368098     
  -3.1260061231242059E-002   4.2441696733457497E-002 -0.21500152611373019        4.9432337066070128E-002   5.4444432365595971E-002
   9.7167543404329995E-002  -7.1477809538723083E-002  -4.0160880045272046E-002   8.5992197097428114E-003  0.12473593680557973     
  0.10666245734771723       -5.8620484638807320E-002  -3.2248556472622578E-002  0.13838832466821743        7.8043144880716425E-002
   4.6861946496183903E-004  0.19503616111127547       0.19688485164563763       -1.0109901075273200E-002 -0.10092104126825047     
  0.13842329974242798      -0.15062832968842876       -3.8843311651886599E-002  0.13997769604403348      -0.11229540597285409     
  -2.9540032484097273E-002 -0.15196167429505436        4.4494177577823778E-002 -0.14246709198598237       -2.1825286872269704E-002
   2.3993982705043680E-002   2.3273725618114964E-002   2.1759226293634180E-003  -5.3284023629601440E-003 -0.12433846026171383     
  0.24985998778589261        8.2772649192190018E-002  -6.8967118614880474E-002  -9.8484501124037060E-002  -9.4195840541019746E-003
  0.12223936143333188        1.1403886214433410E-002  0.17026438413755049       -6.0896965947074624E-002 -0.15159621356434000     
  0.15846117622014286        4.0900684209522524E-002   6.3520976329587947E-002  -1.3420872504054682E-002 -0.18296827963268761     
  -3.9375217017183099E-002  0.13760343749247683        7.5788143311035661E-003  0.14970640101122387        7.3705848777290403E-002
   2.8953101315618904E-002 -0.13299684215852645       0.14659420859223390       0.10199404710284309        7.4793568044864603E-002
 -0.17039794324299415        7.6885990168954019E-002   5.6395988854152021E-002  -4.4837754346767553E-002 -0.10959281807414299     
  -6.6746046465635492E-002   8.7514294467570336E-002  -3.8527859819626647E-004  -7.5245489048615444E-002   8.8916880290019189E-003
  0.17383233292600314       0.10385990633455475        2.5553011505408826E-002  -7.7690313109521333E-002  0.12486012360072014     
   5.4029052137937073E-002  0.19437970718655187       -3.9702414483801449E-002  0.10967558004610051      -0.16573947374516237     
  0.16023180923159189        6.9133654095951347E-002  0.13847383815461387       0.15066571423152283       -7.2180486221742182E-002
  -6.8565512567230286E-002   9.4064665348217835E-002   8.0301561154864282E-002   9.2883632116453896E-002  0.10446846796092857     
  -9.6245634971120805E-002  -2.5200635299520123E-002  0.18226820332747673       0.14203151490781488       -7.2756130473503999E-003
   5.0421540979442387E-003   8.8451892947192148E-002  -4.7575634504885958E-002  -6.6664528714634269E-002 -0.11413820460681130     
   6.2835931204726678E-002   5.4630999355572557E-003   6.2140749277536420E-002   2.4630239491275185E-002  0.15379230960226861     
  -6.1851184316625958E-002 -0.12096560444382586      -0.14408437089772932       -3.0096708597232898E-002   1.0301930101997672E-002
  -3.8552154117494609E-002 -0.14652116597708381      -0.26049939061247801        1.4778160100547952E-002  0.10477720556048067     
 -0.15399278633246652       -5.7952328215705999E-002  -8.8135795032623032E-002   5.7050279988184335E-002 -0.10659072069422058     
  -3.8039754023138597E-002   3.4283957558843316E-002  0.11165148164129407        3.7696241230929885E-002   8.9187196548562150E-002
  0.16814799596458804      -0.16705803353899146       0.15017382904659482      -0.15893074870489990       0.12359296188230516     
   5.9033736756904993E-002  -5.9464554776587304E-002   1.9712606064326798E-002  -3.8203698914507450E-002   5.4918144199772641E-003
 -0.10510364972946999      -0.13312726872468680       -8.2266840422743112E-002  -4.4630698054546579E-002  -5.1301614915716623E-002
  -2.8766139801984893E-003  -9.3633522227414539E-003  -1.8255058512071706E-002  -2.7848571375936096E-003  -7.6521158280325879E-002  -1.7555278335106762E-002  -5.4434046143366402E-002  -1.1285908154818855E-002  -2.4507097493755292E-002   2.2043282725626039E-002  -2.2640750648302444E-002  -1.0469985982489535E-002  -4.3746282437791724E-002  -4.9410013039363800E-002  -3.1523721575800037E-002  -6.9195780306655300E-003
