          16           8           5           5
  -1.0617825870411048E-002 -0.16600558656546210      -0.12599211703290977       -8.1778633631360731E-002  -6.7891818068412949E-002
 -0.16147886270635328        4.0394340100833231E-002 -0.15146643698741422       -2.0336488044402196E-003   9.3219072682082973E-002
 -0.13970419481372565        1.0765683886239739E-002   5.2376925063674334E-002  -6.7414987776712870E-002 -0.10802269269922461     
  0.20583921439572028        4.7457660121242404E-002 -0.13901090721201567      -0.10276308659475511       0.15524058275831309     
  0.20354166642558283      -0.13411481782011336        7.0739423001287341E-002  -6.8963244417957592E-002   4.0536746376124644E-002
  0.11099500390688453       -5.4361815025428827E-002  0.10371796554614048       0.10109356523012385      -0.12851328528979658     
 -0.17499222304630940       -8.1347220955462193E-002   9.3559135132358667E-002  -4.1013988332541391E-002  0.14861735666031800     
  -5.1436640355727391E-002  0.11472921213240037      -0.11720726786460250        3.9009464319818297E-002  0.12669117085821502     
  0.15556049501593042       0.12626716059416160      -0.14381889246544349       -4.4556669787875695E-002   3.0575871295494356E-002
  0.11218029744854824       -2.0335450850145140E-002  -2.8961458957974064E-002   3.5083984343131931E-002  0.16381114021379800     
  0.17199866039120129       0.12533747726277589      -0.11097187892189926       -7.8535719786199304E-002   6.5868070557202799E-002
   1.5303890363591274E-002  -7.6146677044683711E-003 -0.10489896275789377        5.5064538443137148E-002  -9.4355982802144620E-002
  0.17192235361104485       -8.8858626070792229E-002   1.1580555152549127E-002 -0.16285573884547150        6.4693239382818346E-002
   5.6377039296574803E-002 -0.14836802347152458      -0.12776053202322069      -0.11484379091461973       -4.8062363538826786E-002
 -0.10126840375169312        2.2018811515681625E-002  -8.9039271072064094E-002  0.15298243971340547       -1.0922740423090323E-002
  0.11096853274534872      -0.10637674354763375       0.15112185757463548       -5.4855517542786031E-002  0.15677938844011838     
  0.15424361434306275       0.10778023092376604       -1.8811126627299932E-002  -3.5189828422955823E-002 -0.12875907710333787     
  0.11639776026137549       -2.7966527652016449E-002   3.5280082389356884E-002  0.16346623124573600        9.5232577234008492E-002
   5.5304848031059076E-002  -7.2600709343841816E-002   7.0300239821993293E-002   5.3151440466460573E-002  0.10365368147923040     
   2.0183150048212650E-002   1.1812821680613072E-002 -0.15944350131749413        1.3086631981376535E-002  0.13135631285746210     
   9.0327166486798269E-002   2.9106288635807612E-002 -0.13126071908935075       -2.2102027097235358E-002  -9.0461490322673518E-002
   8.4008263712654518E-002  -6.8881763942072530E-002  -6.7831097100608487E-002   4.2304771962376225E-002  -8.2160738792239327E-002
   1.4731784819024533E-002  -7.7115383203246943E-002  0.11534873435668601       -4.8780667845054936E-002  -6.2680599673952175E-002
 -0.10623089826413504        4.1366226508411401E-003  0.14950642017661323        7.6924939430594780E-002  0.13748765947768088     
  0.12502489029471039        8.2806332279628789E-002   2.8677271827551299E-002  -1.3274832589647138E-003  -4.6823867743129868E-002
  -5.0988127243285608E-002 -0.15424695815149994        8.6838750864276143E-002  -5.7727577495352338E-002  -9.8810200756113187E-002
  -5.0198065902094101E-002  -6.9107601151331965E-002  0.10262602363116546        5.3982539524289747E-003   6.7855854561406442E-002
  0.11270011985496228       0.10245502033088437        5.5637510181722472E-002   2.6831633437077416E-002   3.4963656936776943E-002
  -3.4703108149816905E-002   2.4917157565714085E-002 -0.15326524726089730       0.12934621418852188       0.16610319631015541     
  -7.4671687135805728E-003  -9.7465961532985576E-002 -0.10281013665532686      -0.14339564061210225       0.10377409665093981     
   1.9911896406647270E-002   3.5193594649358749E-002 -0.10342819880612450       -7.8391575185170689E-002  0.17455010167288279     
  -1.9948392151118589E-002   4.5516924296042857E-003   1.4427090646501549E-003 -0.11102471015740593      -0.12505267030871642     
 -0.14820680925927940       -4.4867844302990539E-002  -8.2480808912890724E-002  0.12401798150354448       -9.2751822918858376E-002
   9.4839217201771169E-003  0.10596735965705330        7.3570109641838896E-002 -0.20007442282833038       -9.8468675404465827E-002
   1.5753601083595286E-002  0.10749408034590956      -0.15386051086017169      -0.17529676883937806        6.0294048261273353E-002
 -0.10854339300039308       0.12351216358285595       -8.4619282053382996E-002  -5.5168111763448432E-003  0.15852454550414463     
  -1.3442258006382725E-002  -1.5919633793091203E-002 -0.16046102620031916       -9.7264174996239988E-002   1.6347201943955728E-002
   3.7332331250094060E-002 -0.15256667366175941       0.10044942466778577       -7.6689901105497504E-003   9.2791963948111039E-002
  0.14669880669934285       -6.3853799240038381E-002 -0.12226707822348951        6.5383780846586789E-002  -8.4990493153352914E-002
  -9.0333381188797579E-002   4.8185882617823653E-002   2.8115578336430608E-002   5.7891951307145716E-002  -5.0270084028162250E-002
   6.0674811229444688E-002  -1.7094235730183885E-002 -0.14566150746642098       0.11951854348759158      -0.10239990779797697     
   3.4044488651962704E-002  -6.1723448001245948E-002   1.5586203184623571E-003 -0.14422421155797480       -4.5482892273702204E-003
  -6.8993074990657294E-002 -0.14706824793658907       -4.4448108091931574E-002  -5.8658264979263033E-002 -0.14628921389156829     
  -5.8910682862735306E-002   1.7847351227377160E-002  -6.0764293459006871E-002  0.13407343484929715       -3.1447781206478079E-002
  -5.4730117156465564E-002   9.1569565422369090E-002  -2.7370986518714866E-002  0.11043397807290180        1.3668787396466021E-002
  0.11196726982101027       -3.7270557383512343E-002  -2.8577925790798410E-002   1.7178168966123428E-002  0.12580397999627022     
   3.2534159691890378E-002  0.11405062312040815       -4.2531523081511091E-002  0.15166242038466435      -0.12830893609785421     
   8.4352072808404399E-002  0.16062757759380375       -4.4284577277729990E-002  -2.6791963294082500E-002  0.11297244148941261     
  -3.3067813027829504E-002  -1.0100634654951236E-002  -5.5606401537980882E-002   4.2145355863326142E-002 -0.11619109454848109     
   7.1158438494068305E-002  -6.6391428265920968E-002  -3.5137539785944763E-002  0.16889831225758462        7.6366503372163608E-002
 -0.13456085660524322        2.8022600647486885E-002  0.10866619952454068        8.8651870972787927E-002  0.12813023967249060     
   7.8707689761970290E-002   3.5608124699014511E-002 -0.17962086345473763        1.8387998786197637E-002   2.4365317544483241E-002
  0.15099796522057932       -4.3482370067904542E-002   8.9183285893835989E-003  -7.9976081323373624E-002 -0.16366757675351384     
   5.7859946445911463E-002  0.18864455032314850       0.11454609684939579       0.11581834122045022      -0.13083428303621808     
  -3.0435411394540552E-002 -0.12492135968707395      -0.15220033759047374        3.3475471808684473E-002   8.6962904049829384E-003
  0.13761920146337644       -5.4395044376997284E-002  0.18086472020428440       0.11177493958479236       0.15609033631418837     
 -0.16425062725547532        9.5995621331465206E-002  -6.4594443550892930E-002  -6.2395637262305202E-002   1.9049751955708946E-002
   3.2522971015913997E-002  -8.1836453009293986E-002  0.15325019434473613      -0.16936443576548157      -0.15426161685709308     
 -0.14027860267621237        3.1216207562670528E-002 -0.11895350892810606       0.10710569507091483        1.5324297991997079E-002
   5.0015755577215416E-002  -1.5241215711952884E-002   6.7427260504962657E-004  -8.0450447544484563E-002   3.4192676063356596E-002
  -4.3016664492660027E-002  0.14852743148940808       -9.5831779141528031E-002 -0.11727097544198196       -5.9466659366563770E-002
   9.9610580110698052E-002  0.15409349824988763       -2.7099472965114332E-002  -7.4803883480255115E-002   7.6556096679559330E-002
   2.5317351404085437E-002  0.15279932861418555        3.7350030390713676E-002   4.9844444019019045E-002  -2.5411488867324916E-002
  0.13036535587151155        6.4017853336478567E-002   4.4258708355990141E-002  -2.9803198854829100E-003  -6.8671205275765687E-002
  0.15969670861227417       -3.2719420889494158E-002  0.13550117333634445       0.14604463883374086       -5.0076462145403219E-002
 -0.10142151925811141       -2.1323898005407765E-002 -0.10025410342288317       -2.7707363607079444E-002 -0.15610638506631566     
   1.1246784818786850E-002  0.16028738061640518       -9.2916406786778080E-002 -0.10673966692331449       0.12046424356704952     
 -0.11710154913696774       0.10515949705425560        2.7225401423932469E-002 -0.17573482281482453       0.16219512180715487     
  0.12079563141892728       -4.8873151589376232E-002   9.1363266858133813E-002  0.13640356019327934       0.10333227172478557     
   8.1117010515382976E-002   6.6958324548869852E-002  -4.4865905832418028E-002   2.8014183309978714E-002  0.10063078710001051     
  -7.9758175244096077E-002   2.6799604437888432E-002  -9.1318871462698889E-002   9.7257660981303336E-005  -6.6998852915270843E-002
 -0.10129374701203932       -8.4810173227489946E-002  -1.1628415937608471E-002 -0.14521121632062306        7.9061605667382247E-003
  0.12146297934442385      -0.13442071975414863       -1.8041235470859868E-002   7.6573965582582323E-002 -0.13966355808994269     
   4.4042040573890884E-002   9.4456931042607065E-002  -7.1313933299442037E-002  -3.2923702956205066E-003 -0.10746523783230823     
  -9.3988208801301196E-002 -0.14340405162720227      -0.12937254778664584       -3.8024194563980332E-002   5.8525301007208534E-002
  -5.3316818851035529E-002  -3.1649755375345819E-002 -0.15575037922932150        3.9274974024270208E-002  0.11049276872338862     
 -0.10037332523626594        1.2952209488486266E-002  0.13320405645769209        8.5403567096734759E-002  -7.3275704388583954E-002
  0.14260180405459782        5.8288225953619849E-002  -4.1540755859154274E-002  -4.5672527351913843E-003   8.3080690162462792E-002
  0.16602419238650845      -0.13677074232068320       -6.0238669017507341E-003  -6.7376782254884013E-002  0.10242823822733124     
  -8.6426618950460651E-002  -3.9784129337607381E-002 -0.14423632871073422      -0.12841276563631487       -6.6287081044167362E-002
 -0.13693548554979132        8.6399937732927368E-002   4.7588111861955815E-002  -2.2523957971305394E-002   2.9750281426849750E-002
  -5.4242382073856593E-002  0.10592013095564658       0.16775357349504574       -9.0887615402497485E-002  -5.0295295372979533E-002
 -0.15094009241300554      -0.15767039002394861        5.5985909694053690E-003  -8.9698865066726988E-002  0.10617712889242420     
 -0.11589556031763469       -3.9553016980083885E-002  0.15415575042227489        3.9090284768543038E-002  0.10256654781237025     
  -3.6704836848191986E-002   4.6515600377411523E-002   7.3291728000275211E-002  0.18636011609288319       0.16705529883699349     
 -0.16480571415026518      -0.13815525767675793       0.10546950181692859       -8.5747739298193487E-002  -5.7841278402252290E-002
   9.0850481925027829E-003   9.9409529355647661E-002  -2.2776922289208888E-002   9.2549276708566788E-002 -0.10545800867778682     
 -0.17487642221640490       0.10631568377481691       0.14536226440737227       0.17078669412719413      -0.11632955355771818     
  0.10953997715496019        9.5888694434262581E-002  0.11133813011949423      -0.10583190230544291      -0.17239280198824108     
  -5.3780703292962678E-003  -5.4271981059585877E-003   8.1755487961327700E-002 -0.10002843248967132      -0.14650013787860647     
 -0.17508468389981832      -0.14833111389000755       0.12358148852509220        8.4919869863351344E-002  -3.9042645095465338E-002
   4.0417752518597062E-002   6.3328465970647146E-002   9.9839651311959571E-002  -4.9716217750643145E-002 -0.19652477072691985     
 -0.11509306312601186       -4.6078335447258048E-002  0.17039387259289282       0.12070325179317043        8.2113806159952438E-002
  -1.9183755539463776E-002   9.7116199895196403E-002  0.14772040426639499       0.11132001031750917        5.2980413259577336E-002
 -0.15742981480138127      -0.16944787266388903       -8.6090597902869159E-002  0.10848663768048666      -0.16034259272615373     
  -3.3658528302871298E-002  0.11284906875931350       0.20615897896912574      -0.14124018859121093      -0.17972866122124456     
 -0.10573891579381313      -0.13418431002943210       0.14512667210664099       -9.2569829148442653E-002   2.5904795179538070E-002
  -2.4329295387897579E-002   2.0951683301304425E-002  -9.4106943045440025E-002   7.5382554195159587E-002  -9.8939216635607730E-002
   9.7600767775580764E-003 -0.11796990884591367       -1.5649510496521600E-003   8.9923207028080210E-002  -8.2265794627623387E-002
   6.1707701259076139E-002  0.15855657555311595       -2.1546376548325839E-002   2.1940718892742964E-002  0.11680488779441153     
 -0.15008581694049977      -0.12819916966219896        3.2684711836564982E-002  -5.7881042628356048E-002 -0.10424196856782998     
  0.10523494860164026       -5.8200215208609962E-002  -4.1619254641740260E-002  -5.6171349790467458E-002  0.10163406974042422     
  -4.0795630466576659E-002  -8.7760385584730149E-002 -0.14343809568805965        6.7794994411631657E-002 -0.14069476782935375     
   1.1574020918955558E-002  0.16654040175634383       0.17497713288918160       -1.8618346702187504E-003  0.13816952184292566     
  -3.5259700023369298E-002 -0.11186983475176364        1.7750865453371970E-002  0.10656653084959811        4.2553476283258618E-002
   1.4206483076296144E-002  -7.7519753480600903E-002   6.9174437014371806E-003   9.6307768963522444E-002 -0.14399202001121292     
  -7.6193226919792537E-002   9.0675238004676528E-002 -0.10083786444426830       0.16201678324619009       0.15710804321259064     
  -7.2547940579558434E-002  0.14531993132861029      -0.14715140036960017      -0.15029138644002507       0.14025073274692990     
  -4.5358478046948848E-002  -7.8318800770732014E-002   8.6742900500330095E-002   3.2490957200266048E-002 -0.10190799343484805     
 -0.11264874589649526       -6.5051488056127801E-004 -0.11224073586330519       -3.0513634175754104E-002   1.7561710624091186E-002
   4.9882010407868743E-002 -0.11856171514403963      -0.16169108366729767      -0.17389405646180650      -0.13106363775370447     
  0.13803676155233643       0.12407795194093449       0.11190657164034365      -0.19424448638600492       0.11234293303355010     
  0.13823968654667732       -2.8226333921372877E-002   7.7428140486868816E-002 -0.15155797720217570      -0.11085030548300716     
 -0.12048262802341743        5.9534781932020310E-002   2.0926229696773439E-002  -5.7262147566867566E-002 -0.16227059756279746     
  -5.5183636050308509E-002   7.9385300022232208E-003 -0.17845311903633027        1.1761652052726657E-004   9.4478548827568939E-002
  -5.4207382134092173E-002  0.10457134545339299      -0.11835115912795569       0.10823037866027847       -3.9366373966959002E-002
  0.11700138612140674       -9.8540104358729397E-002  -7.7665234640067943E-002   7.0370690990918167E-002  -9.7454578014750354E-002
  -1.0436976661114710E-002  -9.7789995287065598E-002   5.9182020005827327E-002   7.6828263479764240E-003  0.18577543577238495     
 -0.12363430365121415        9.0057628635755102E-002  -6.7950373868456093E-002   7.2838517647758089E-002   5.7953753670038841E-002
  -9.5195389034426675E-002  -4.0585447962112414E-002 -0.15101517528755060       0.12738716057983793        8.9501898532040436E-002
  0.10738743723287232        7.2476179154899387E-002   2.6007387302455907E-002  0.13847647707847399       -8.4836634265199815E-003
  -3.8086418240957542E-002  0.14811003110170920      -0.12837210488599615       -8.3977324690811123E-002   6.9382356428996919E-003
   5.7537905235167421E-002   8.6697282552370469E-002   3.6278666805498530E-002 -0.15784437848851152        7.7141640453633156E-002
   1.3914433245638347E-002  -2.4695250151383519E-002 -0.15556040838149121        3.7187146498611261E-002   4.5981118465984447E-002
  -6.8303645445012981E-002 -0.17505160027922095        5.5504371129007621E-002  0.18047398924356103      -0.14663372583496351     
 -0.13032106980419825       0.14288217687032112      -0.11341290361546918       -1.1042456837433838E-002  0.18993383334922531     
   6.8169903131881648E-002  -9.6348926718861760E-003  0.11534239826632481       -8.8516913939492070E-002   6.0211294721527510E-002
  0.15093989111038611      -0.10721360958513712       0.21014096275329608       0.17357219465805077        3.2435601919890221E-002
   4.5978325260139889E-002   6.1753160913935290E-002   6.4491165869002706E-002  0.13460104387724106       -5.3180404617501682E-002
 -0.14485360110167197       -6.7979120506239540E-002  -1.2417143955100017E-002  0.14152038052680407       -3.6520636105635412E-002
  -2.5434708114643639E-002 -0.15551787219696869      -0.13346642837346698       -5.3830693042834735E-002   5.6825846025134817E-002
  -9.4888169652137505E-002 -0.12098332329407152       -2.8761954760515195E-002   8.7192718213519482E-002  0.19342021258608988     
 -0.11888057971693776       -6.0706337413448469E-002   9.4443055670396833E-002 -0.20813114478019393        5.6381391294694312E-003
   5.3589429893563474E-002   5.9611624436562698E-002   3.5975676040664963E-002  -5.6639271587239574E-002 -0.13884533729507390     
  0.16654885758630289       0.10136871748182691        3.9253338241354782E-002  -2.3720140792499910E-002 -0.20036936489365886     
  -9.3565730072308145E-002  -6.5706958312536617E-002   6.1590229811122124E-002   7.4763376336856105E-002  -3.6604074928346261E-002
  -7.5739213892762267E-002  0.13685504885310690       0.12672890364130840      -0.10978990219590862        3.4627730512946438E-002
  -9.4750322922599620E-002   1.1830795825387135E-002  -9.5726252958192232E-002 -0.10959264169946722        6.6683063402594835E-003
  -1.4408348108021416E-003 -0.17269685822238748       -8.5086949440414589E-002   4.6403974004885488E-002   4.2074125340422666E-002
   7.4266593508215309E-002  0.19733906745234192       -1.6135564501658026E-002   6.5296995579099931E-002 -0.22359140417354287     
 -0.10626567018552217       0.19258969867985390      -0.11611214745839518        6.9453768217484335E-002  -6.2048790772849097E-002
  0.13212419929350880        6.8048738669460485E-002  -4.4199696148442880E-002  0.15865850616869057       0.17505172704280283     
 -0.15546058514306588       -3.7037876705892252E-002   8.4663918820436904E-002  0.22233562662768871       0.10395839570786516     
   8.1729792846057567E-002 -0.18663995787738921      -0.13696135110740540        5.9525056639535903E-002  0.11777886673707315     
  0.12108307147210172      -0.12210330157821420       -3.3585294707896833E-002 -0.20084203952446963        1.1301992979243732E-002
  0.18266743482225095       -6.0835800876511345E-002 -0.15518305715608458        4.1799056992311304E-002 -0.15314535026970647     
   9.0910281310885632E-002  -5.3157442700330654E-002  0.11827158035742255       0.10413812276179052        1.7496115485544417E-002
 -0.17724601527768158        2.0336424720682901E-002   8.4948485506307292E-002  0.15501816420326051      -0.12171499266631769     
 -0.13526344308262736       -3.7242440964379835E-002   9.3471802823720418E-002   9.3327002852346519E-002   9.1741245894110604E-002
   4.2669672007288863E-002 -0.10660720288630099       0.15281335964207046       -7.4026094627249017E-002  -7.4751663332347756E-002
   5.3025806503645911E-004  0.13872049953032334       0.12736065675396924        9.8632426024291106E-002   7.2804919912392851E-002
 -0.15761982671438243        7.3897647908648695E-002 -0.10046615670248811       -6.5009691646938900E-002   4.8025756021255278E-002
 -0.14225091561681849      -0.17536662909900530       -2.2797370321889290E-002  -3.3750483293170097E-002 -0.12004663050362639     
  -6.5357118629314107E-002 -0.11800319675301271        2.2769978717187538E-003  -5.3122396806708327E-002  -4.3044829186886218E-003
  0.22065690652475983       0.17125737473939015        3.0424898469130671E-002   4.8967780633180871E-002   2.9145446921903524E-002
  -5.8501890773988194E-002   5.4227229351632551E-002 -0.11423345176409529        5.1875324432392150E-002 -0.14611073803489164     
   1.1418103771853675E-002  0.18056732529154215       -7.6188214434676715E-004   2.4319187291832894E-002  0.11097930084774539     
  0.23238544195854749       0.23757055194920099        5.1331624631944843E-002  0.23910975284918129       -1.3276749394340768E-002
  0.16200209928560488       0.17023707245479658       -6.8799029971671866E-002   1.3199355191307049E-002   5.9816848518808021E-003
  -8.2579125378315285E-002   1.6532390402932695E-002  0.11741442735011262        6.0768639174306166E-002  -6.0303299226252528E-002
  -3.2819561903461976E-002  -3.7050806810796075E-002  -3.5927922043561294E-002  -2.7853698101640845E-002  -7.4696333155207392E-002
  0.19250552633035897       0.20253702660429720       0.25722489721230385       0.11701996999513399      -0.13436429109085737     
   7.7847067904279491E-002 -0.10795523209840696       0.10476338234525856       0.13630919199985297        7.6803877566068837E-002
  0.13697370199295464        6.5251167922896522E-002   4.3119338198395828E-002  0.16783114926975906        9.8251454498852461E-002
 -0.10358200219366030      -0.14152126206462615      -0.11480726014402681        6.1978680639010611E-003   3.7586947505852543E-002
  -5.1683192417729576E-002   7.0977686780356611E-002   5.5224299503270825E-002 -0.12104752940493670      -0.14891648719042772     
  0.11395923592374661       -6.3927806893150557E-002  -5.9606491845998295E-003  0.21144021701389265       -3.0189442403330588E-002
  0.15469142764705696       0.14669738455453837        5.3979322745775743E-002   4.1038167460097613E-002  -4.2233206452873304E-002
  0.16673190075209698       0.22034212498677283       -4.6216875267200641E-002   8.8192772428687324E-002   3.0809491996496279E-002
  -3.4878439436569750E-002   7.9729528635715280E-002  -7.2610498315949998E-002  -9.8168694198401782E-002 -0.11296743236610632     
   6.4959257696354591E-002  -1.8370604092457346E-002  -6.7604055019134879E-004  -3.7259119832314544E-002 -0.16241832092228914     
 -0.16159551922129545      -0.17358303013209109       -9.2588870909782406E-002 -0.23412473372627185      -0.15669665531712498     
   2.3024195701945284E-002 -0.20295408490523278       0.10451860591348115      -0.13464887487862851      -0.13490461392178268     
   8.3745035712788879E-002  0.10849819596615301       0.14405211034509544       0.14810564981957194      -0.11765025572618330     
  -3.9260676364552508E-002   4.9275427346630367E-002  0.13586202762482849       -9.4687781828842979E-002  0.14037995641494494     
   2.0206193796408360E-002  0.16084195844051405       -9.2791344898200574E-003  -3.6436477678530907E-002  -3.8865474742898240E-002
   1.1437417797947307E-002  -6.6561675374599893E-002  -7.4476563008509356E-002  -9.5743287226180314E-003  -9.2454634223610346E-002
  0.10791759217859806       -3.1379476325462022E-002  -2.2976109077846075E-002  -5.6966187936477945E-002  -9.7888599170566845E-002
 -0.13418257862002331        9.6834850010799292E-002   5.0578666207260287E-002  -5.9787272319289701E-002  -4.5434471511770484E-002
   1.1006822470099617E-002   3.4201923055455739E-002   8.2144314023221126E-003  -8.0072667279793647E-002   7.2660138626735538E-002
  0.16129018028528996       0.19376403202371556       -7.3392384792221918E-002  -7.6353433870711751E-002   5.7904447725315653E-002
  -6.8446422947984295E-002  -6.2426712028245315E-003  0.19509073824800097        8.5716630078636988E-002  0.24235625159692267     
   4.3689874902097373E-002   9.5765764262030081E-002 -0.13154470585338127      -0.10860714515444522        7.1727090467709267E-002
 -0.13583430940364055      -0.10923862353508425       0.13550837555823603      -0.10692799498480093      -0.17813556584412013     
   5.1152183772144259E-003  0.11838671138765429       0.12022978831368583        8.1360444768288270E-002 -0.12367202467928437     
  -1.1673527848540819E-002 -0.15386377317254460        2.2016163679637716E-002  0.11381092587824833       -2.4519796571703459E-002
  -3.2414399210596995E-002  -1.7699539746886848E-002  -1.6405296254989678E-002   3.2407592577703030E-002   8.7805587736620588E-002
   8.4439623417591911E-002 -0.16341675992947591        8.1927217972483438E-002  -7.1607527024813572E-002  -8.8217580255075062E-002
  -9.8964480193808740E-002   6.3553777978900189E-002 -0.17218137556721058       -1.8575938357728024E-002  -1.3085149939636864E-002
 -0.16156376260602034       -6.3282654267438801E-002  -6.0672363139794266E-002  -5.5130113182152093E-002 -0.12228824039290882     
   7.8846061501344558E-002  0.10017289876583579       -1.7571129088249812E-002 -0.10740224372203909       0.11800182683743074     
  0.11145342605540710        1.8318932294206666E-002 -0.23908240966714253       -1.9217139809308129E-002   7.2758138535148426E-002
  -6.4024275712321443E-002  -7.2995048939438673E-002   2.3928739990508395E-002   2.8759977543433617E-002 -0.23922047592694687     
  -9.9398167624027173E-002  -2.0417869212117551E-002  -5.8179216506235865E-002 -0.21713002686147723      -0.11598142284270366     
  0.13515288009001367       0.30910794848289452       0.26203541848757000       0.19888405442986132        7.0525098263214306E-002
  0.12928138312662005        2.4298284595822235E-002 -0.13742806273321082      -0.10779252983775624        6.7647438669224208E-002
   1.9991621034133263E-002  0.12360278817570401       0.25487726450742315       0.15641206314434494       0.10257034699582900     
  0.18537224124488039        7.7118096480590620E-002   5.7029497427261863E-002  0.17377995729881157        9.0644674102219255E-002
 -0.12094933190177244       0.15718393006780912       0.20312810403535705        7.7061411073774982E-002  -7.4486345736310980E-002
  -3.5842801689142854E-002 -0.13146730165771645      -0.21051326064604256      -0.19896201088407939       0.15754225373390951     
   1.9530629515433558E-002   5.6287841539555641E-002  -4.0384746325508147E-002 -0.11939395579309381       -5.6620345446529156E-002
  0.13325042066748680       -7.0885750091638638E-002 -0.11578924834986945      -0.21952482157238518      -0.14948233071827527     
  -9.6198117360311614E-002  -7.2703382375419651E-002  -4.9187589204962946E-002 -0.12843726124402594       0.15367445617240813     
  -9.7573620995225638E-002   4.1625779553114722E-002   3.7424655943098920E-002  -3.8464761002231715E-002   3.7941002089761006E-002
   5.4309743120386812E-002   5.4728947910890842E-002   9.3775547718320612E-002  0.20382027649212708        2.5395015494869291E-002
  0.12579541240412540        1.4994153775682650E-002 -0.13848168570857061      -0.12003523421154072       -4.0910217447031098E-002
   7.6390382277937277E-002  0.15189380754671158       0.10581145669630683       -7.9276784949438017E-002  -5.4159214335141974E-002
   9.9474803463757283E-002   5.6922902001612243E-002  -5.8010562668977972E-002  0.13408520652301367        3.2800264405102093E-002
 -0.17436233122952866      -0.12488318768528088       -5.6181655880574423E-002 -0.12789124021515397       -5.3616807833195945E-002
  -3.7154287544101820E-002   4.7312622915879086E-002  -4.6108408980276509E-002   6.6326423898676587E-002   3.5481454871944498E-002
   7.3076598512046870E-002 -0.16874383893348252        7.7572238916193359E-002  0.12333483542646784       0.30706769965107461     
  0.14720902437378111       -5.4254666986858172E-002   6.0934831635768953E-002  0.12295374114472016        4.4689713841452858E-002
  0.14308114928603713        8.2585873185146291E-002  -1.8004358315903232E-002 -0.14673512310878328        3.9020274485241993E-002
   4.9070677393340922E-002  -6.9891885748639151E-002  -5.1925518526979242E-002 -0.11801585487396911       -8.3763917071616872E-002
  -5.3023398350608405E-003   7.4265660315192605E-002 -0.10275723800634913        6.5227696040471767E-002  -5.8557446946012524E-002
  0.13246472809136506        3.8173496462074130E-002  -5.9190907706340154E-002  0.16050895395901441       0.16045086214315746     
  -6.2620326730676565E-002   6.0925328114355345E-003   5.9350118228105264E-002   9.2919411576417504E-002   9.2576051250961439E-002
   4.1722549838560476E-002   4.8432327408823458E-002  -2.5684736319387294E-002  0.12276404496443977        4.5861367882316324E-002
  0.13050021397869649      -0.13405123701024310      -0.11176075339138154       -4.5987092092525952E-002   6.2789688632209600E-002
 -0.11888181070770057      -0.13522496562508754        2.3123618582232230E-002 -0.18272367810997470       -4.0888355916361821E-002
  -9.1598694129516267E-002  0.10112708393066777        1.3413822583879680E-002  0.22645019724104110       0.17490996870789985     
  -3.5739963676102694E-002  -8.5710619481541725E-002  0.13776470575147787       0.21549320112197010        7.8671273004614115E-002
  0.14781143395339591       0.17431647344463516       -1.8304385669639371E-002   1.2815459054580734E-002  0.17110721629209175     
 -0.12396756261612403       -7.4763409196377167E-002  -7.6406151469585321E-002   3.6090644678102260E-002  -8.5355100526852898E-002
   9.8040336416280502E-002 -0.12079670477783723       -5.1849541074030406E-002  -5.2508727574976766E-002   9.8436431116722498E-002
 -0.12674326859389320       0.10711027286847326        4.7784420950810607E-004   2.4397517818318799E-002 -0.14754682083464310     
  -4.7453622247198679E-002  0.19693343770350774        4.7455675401614182E-002   9.4661206063248612E-002  0.12597948759899305     
  -4.7384575597262696E-002  -4.4937696464887850E-002  0.11484027433892405        1.5115300425082882E-003   1.6377534924647476E-002
  -5.3057148894781699E-002   3.5049582002554897E-002  -3.4969120149617873E-002   6.3582872785077375E-003  0.17699681714029625     
   1.8532830548453139E-003 -0.11380971319720400       -1.4929639846682434E-003   2.8873451326298566E-002  0.18653549501927422     
 -0.21404777428872546        3.1453071975412472E-002  0.10572159815953111       0.23723291517922646       0.27620200481646734     
 -0.15320048303032249       0.16515253674272629        4.4194655507538469E-002  -6.9717292397849490E-002  -3.7240860137801472E-002
   6.1283037200834375E-002  -3.6108167931907083E-002  -8.6503774056754579E-002 -0.16586524163141725       -6.7219447939106391E-002
  -2.1814859961789879E-002   8.4546863514458018E-002 -0.21505823546331260      -0.20475714998864683        2.1141243892057519E-002
 -0.12684518937138142      -0.20694034035538281      -0.12367890774079597        8.2043283307912142E-003  -6.8078078179094240E-002
  0.15122173573466510       -5.7317425254043416E-002  -9.8261345047146925E-002 -0.14472636666147876       -8.5152457128685494E-002
  0.18108810421517002       -8.3561511489055468E-002   2.9464750262861251E-002   1.8173760374329551E-002 -0.10574631456682698     
 -0.12790859650280478       -2.8590002460834551E-002  -7.2228957411941061E-002   6.0685182206708960E-002  -2.7263133469472550E-002
  -9.5895881896303339E-002   8.4640423623745381E-002  0.14410500900822473       0.23154966270354854       -1.5506695621312180E-002
  -7.8716937352817345E-002  0.18505145090061251       0.16125166091359219       -2.8089254842287449E-002  -6.2050932395645922E-002
  -1.5759930742259690E-003 -0.19448738733160073       -2.7710910698138729E-002  -5.6235385064033590E-002 -0.11199136423381582     
  -8.5207907866893667E-002 -0.19120100700555304      -0.13445476332731765       0.17844282282798951       0.19189625822154521     
   9.5230237847590674E-002 -0.13547682101814687       0.11928741063194073       -4.9871996738651066E-002   1.5269674368065481E-003
   8.2288671695627133E-002  -9.2427118512113340E-002  -8.3625490958814261E-002 -0.12783001772778199       -9.4690090726558332E-002
  -4.1919139659179469E-002   2.7182836959240449E-002   8.4953519150239937E-002 -0.17223859699655106       -5.4044382685498826E-002
   2.9026145847948295E-002 -0.11459357961909011       0.17873519931266102        5.3380126087801433E-002   2.0438354686198763E-002
   3.6110720884534209E-002 -0.10938637325114021      -0.11483120669125706       -9.3273472857953371E-002  -8.1008026400300359E-002
   8.6850161888631566E-002  -9.9852763442524542E-002  -2.2156819945713405E-002  0.10428145495489029       0.14371100977198073     
  0.10618505435866440       -8.3704087290002088E-002   4.7291491206484359E-003  0.15984993310920273      -0.17620573019629110     
   1.1289613356524644E-002 -0.12537895200539789        8.5186886325714944E-002 -0.12103944591509350       -5.0427934302802221E-002
   7.5772186064864785E-002  0.27482825913502051        6.2831102722824845E-003  0.12065862042985884       -1.0133776353780436E-002
  -5.6276628717621532E-003   8.3468762677688560E-002   9.0782857473438755E-002   3.5011436257019392E-002  0.14407959267293025     
 -0.19514973135099720      -0.20775535475118334      -0.14750615710233000        5.4296557203739215E-002  -1.1403072332464374E-002
 -0.10363622874244471      -0.12624130366512859      -0.20008751814912912      -0.20500228543420532        9.2748259219375073E-002
   2.0631139540002643E-002  -7.9809533158235232E-002  -1.5271530147554638E-003  -4.9050750337525088E-002  -8.6074115401213527E-002
  -3.4228727700281909E-002  -4.6822889788178182E-002  0.13155566748263878        4.3999114091002489E-002  -8.6664855300403923E-002
  0.11920143982181440       0.23747274420302450       -1.6557508089310599E-002   9.8124564874545919E-002   3.2965374127044339E-002
  0.18826699436429536       0.21804646672030067       -1.4624216950934433E-002  -5.0791467133323839E-005  -6.7143807527142357E-002
  0.15324885989305040      -0.16147396397142386      -0.17332719950536593       -7.2203404074592720E-002   7.9875107375162492E-003
 -0.14304514354078238       -2.2622040024384636E-002 -0.17244040004607458        1.7535225873451257E-002  0.11583845327733627     
 -0.21139100355184851      -0.15284570194925243      -0.15937210856701828       -6.8355877580018903E-002  0.14542591424965298     
  0.20308699998431920       0.24696705587174153       0.16007733022355938       -2.2788288252515061E-002 -0.11303302455912359     
  -2.6981365580615913E-002  -2.4831491418752941E-003   7.3151511310449419E-002   6.6386039427990151E-002   6.8234926798315595E-002
   7.6774980135708659E-002  -3.7128696523046734E-002  0.12889052093445580        8.5793511493105643E-002  -9.8024251996458089E-002
   9.5785909136787431E-002 -0.13938751464241042       -9.6558935147274982E-002  -8.5527823347815113E-002  0.14830816117946014     
   9.0295748543392888E-003 -0.18194681377694938      -0.14291637836286381       0.16724318100146848        9.7897624143605894E-002
  -3.7146787594383356E-002   8.8784332134504151E-002   3.3656701849212670E-002  -6.1883106615209731E-002   2.8133068386650844E-002
  0.12552524621758854       0.15725800733658488        3.4767446702072886E-002   7.9435387503824020E-002  -1.7181616896968593E-002
  0.18190022582624044      -0.12398481319887530       0.14015530689551373      -0.11119322400876799       -8.9571953586239497E-002
 -0.13775244131503284        1.8700736096137191E-002 -0.10365978853282723       0.10246612685299435        8.6073852943193280E-002
  0.11359964612971772       0.25150884186852990       0.28143622403680701        2.5865496316643890E-002  0.14328672325506595     
  0.22009611773937612       0.32894674721872319       0.23838682771824651       0.13025620121408682       -3.0780874006628087E-002
  0.16159223093904271        2.9299017871367581E-003   4.7199096451430736E-002  -4.7942698395952228E-002  -8.6399020776402477E-002
 -0.19100177582180208      -0.14121482397788843      -0.10862211711014136      -0.11094336221267542       -1.1393428062150119E-002
 -0.11228771763360311      -0.27003760339857469       -1.2378571052315769E-002 -0.12111449379593180       -2.2191366540941903E-003
  0.13572219147512521      -0.13500257026743490        5.1433099632779609E-002  -5.0447666462325735E-002 -0.11785055360305083     
 -0.12924734346274303       -2.9597063419026001E-002 -0.17800176487530875        3.8917951102631174E-002 -0.11403056970098781     
   8.9365587146337536E-002   8.0254071661993248E-002 -0.15126361310956410       -2.2657398515726200E-002  0.14234483516607790     
 -0.13470741784806067       -1.1398590377073189E-002  -6.6564115313791264E-002 -0.11556656982483422        2.3804272507091532E-003
   7.4776067615547601E-002  0.14402067040722424       -1.4895125644581604E-002  -7.4986726698393430E-002  -6.9379496136262167E-002
 -0.10315435832195398       -7.3918145822227402E-002 -0.17928011939789296      -0.16081165213708329       -5.6028961229683538E-002
  -9.0350417136830674E-002 -0.13440676639457544       -6.8033169782961714E-002  -8.5224659893695154E-002  -6.3978071749770951E-002
 -0.13848537917544135      -0.11245361492590716       -1.6925104045480213E-002 -0.14090674293043315       -8.3654045683047268E-002
 -0.13834827383675274       0.13996236124915562       0.12080418991073180       -9.4818171891270966E-002   9.8983086378005625E-002
  -4.9906444143487397E-002  -1.6892149852388655E-002   7.1301994586522366E-002 -0.10538218174704660        1.5838607830036020E-002
  0.10978763647803974       0.10559230560306371       -1.1779404487446821E-002  -5.1987134529901793E-002  0.15289829876244074     
   9.5369905261328769E-002 -0.11189526264462814      -0.16404631148828575       0.12779935036205767       -1.2804963866440320E-002
 -0.17244760427659908       -6.0919423271992020E-002  0.14026547386161548       -3.5706640577765736E-002   8.2275965178410532E-003
 -0.12962311464097076       0.15565959217358852       0.12102024198840780       0.15211649561619472       -2.8929792656009437E-002
  -4.2327427059611102E-002   6.7400326817160475E-002  -5.2214553948009820E-002 -0.13000506181997676       -2.0587059973999233E-002
   4.5287186302700733E-002   9.8938176740850911E-002   2.0590968551602036E-002  -3.6037351733226440E-002  -5.9382496187199270E-002
   9.0512256547677864E-003 -0.13980140614219019       -3.4203460536712291E-002  -6.5438983459364650E-002  0.13474686315229042     
   9.0603863381793409E-002 -0.18420074236619424        8.5061927026749459E-002   8.4137187331908739E-002 -0.11086783425464949     
   9.6750176539138713E-002 -0.23022490570678061      -0.13756647231683417        6.7579080212202741E-002   9.4342216706416820E-002
 -0.19741981805184233        7.0328223357626909E-002  0.23426284689879653       -4.2382433056811622E-002   8.6130122897032077E-002
   3.4575816264846106E-002  -6.9850237224989259E-002  0.16209322490407940       -6.5173485805435125E-002   2.5802281966916214E-002
  0.19976888731795339       -6.6473457885648790E-002 -0.11805292482295396       -6.9385137105452729E-002   6.1733826535507734E-002
  0.16890287576451188       -8.6175358791172288E-002  -6.4082161703301777E-002  0.11566896542537460        2.2831724162480454E-002
  -1.5025262194006812E-002  0.14672172650679649        6.2084635317792305E-002   5.0314398816743988E-002  0.12691146430316164     
   9.8348652200776800E-003   8.8541519264965826E-002 -0.10946039057130047      -0.18290362400633522      -0.17617470743619423     
  0.17328648108098718        6.1041809931608230E-002  -2.2318133963607489E-002  0.13948649547966060       0.14040401276230363     
  0.12437250710401099      -0.13910580394492275        2.3051350363838912E-002  0.10092470754077634        9.5901676110628463E-003
  -3.9842956598307618E-002  0.10585499982223959      -0.15505037545147085        4.3871892794303827E-002  -2.6165634024947468E-002
   5.1552662980052504E-002   6.2980599895056194E-002  -1.3820236166015309E-002  -6.5717874156101669E-002  0.17595827598847086     
 -0.19289881162729727        4.8898886201623269E-004  -4.8778436240021587E-002  0.13037052765735832       -3.0356000899991676E-002
  -5.6412545510207662E-002  0.12710457921787435      -0.15598759272338497       0.14486569880049310       -7.2024814284914487E-002
  -6.1901717752296054E-002  0.12143528712786414        9.4010882081998898E-002 -0.12109447391798915       0.14704193670953308     
   7.4327210518811693E-002  -9.7026816577400601E-002  -9.3879760426204065E-003 -0.11528094538136691       0.16321877175661892     
 -0.11960169522100887       0.15480378698274286        1.2273681947675967E-002  -4.0461612729372154E-002   8.9909285434169942E-002
  -1.4661982190546267E-002  0.14277518277591578      -0.11902397269155797       -6.7345629277164809E-002   7.8810284478240830E-002
  0.19087840895317310       0.20070237008410335       -1.8892223059070460E-002   6.3528826545258973E-002  0.12601853906755936     
   1.5909293083897418E-002 -0.15077496077820710        3.0199725526148937E-002  -3.4699203333637380E-002   9.5852080139777626E-002
  -1.7746549470350956E-002   4.4078533234392907E-003  -8.7039242912805140E-002  0.10408927561323851       -2.3534461211634623E-002
  -9.8182108605286339E-002 -0.22986409997025939       -4.0438212724219123E-002  -4.2359136060603805E-002 -0.11966051823724479     
  -2.6957333183594608E-003 -0.11340955054359859       0.12985326101791020       -8.3560030685440444E-003 -0.20164543327757006     
   4.4656235405691268E-002 -0.10528880759683135      -0.16151504006215861        8.4090817082937627E-002 -0.11519057781558431     
  0.11846870668766200       -5.2499428878665336E-002 -0.15967695272387172      -0.12903779135878168        4.1575786617866865E-002
 -0.17503936038096213       0.12125081131693163       -3.1333446677339963E-002   4.0686687704157953E-002   4.9761036067443809E-002
  -5.4003650684903148E-003  -4.2733563325013900E-002  0.14275526958707455        1.8481156622188553E-002  0.14843455256394894     
   9.2253658167942787E-002  0.15418142803353541       0.13377929981312156       -9.6051149088287310E-002   3.3314248195235083E-002
   8.8184655887877730E-002   9.1439631508494268E-002   3.3373057705141339E-002   4.3571051571349079E-002   4.4405567515301884E-002
  0.14517603876437954       -3.4374700375080121E-003  0.12289599423686576       0.11819929028063433        3.6749427456035155E-002
   8.2347178622862643E-002 -0.21941466102993093        7.2672387135586547E-002   2.9849845938783995E-002  -3.6603836934340606E-002
  -9.8635094612741267E-002  -4.0036619408751487E-002   6.4657103300773108E-002   2.6678190376961553E-002   4.6663531356770732E-002
 -0.16916628377623980       -2.5964882367825137E-002   9.5059435099798861E-002   1.9073069062209728E-002  -4.1081577442255962E-002
 -0.13572065416166457       0.10915047384214074       -2.5298088798705706E-003   8.0064427194759730E-002  0.13924841599031607     
   5.5692789936589049E-002  -5.0701560562587691E-002   2.9874416902950503E-002   3.0856037027923982E-002  0.14101225707180925     
   7.4847346704872211E-002  -8.6308695053051457E-002  -1.9996081011898113E-002   8.7422280305814754E-002   4.2874748045325969E-002
   1.7419723822650824E-002 -0.19924215327398581      -0.18429048162358183       0.15049908821774688       -1.3687867474148314E-002
  0.11227170488413306       -8.5906805146458459E-002  -1.3730976358330971E-002  -2.9907966193723334E-002  0.16078258055810576     
  -6.6826055056131164E-002 -0.11159788312390756       -4.7283513252576570E-002 -0.21034233123677026      -0.22174573248440604     
  0.14045023064047357       0.20648771032406046       0.12962655981160254       -3.2790231709309094E-002 -0.17173902505911259     
  0.18305980826623600       0.21388886040377586       0.19636072824024930       -9.0036460486138965E-003 -0.12770173011419572     
 -0.13421136214815024       -1.7925835656406611E-002 -0.17565100184934418      -0.12106543794871294        5.6391672835128290E-002
   9.0993024494338312E-002 -0.25271539973656304        3.3485018361673967E-002  -7.2735440097825663E-002  0.13882113239720745     
   7.5611302899653246E-002 -0.12974917400269495      -0.14855239452412186       0.13546301986072706       0.12978944993888034     
 -0.21348782926402632      -0.11283404916540547       -6.2027958978797620E-002 -0.15063544782385013       -3.9690298084142026E-002
   8.5183027730709376E-002   8.6826560714832537E-002   6.3079718599498416E-002  0.17049850417934739      -0.17851923129226430     
   2.0012474953896974E-002   3.5005639359832565E-002  0.13799886260632746        3.7552676868154986E-002 -0.23289974663011931     
  0.17099005995028557       -2.2990270140358284E-002  0.12462056569222321       0.12383905406949060      -0.13135823926911017     
 -0.16397985771284571       -2.5047460483254125E-002   4.0117060095276769E-002  0.12678584040197682        5.3101104054756786E-002
  -7.3461078194596366E-002  -9.8748111942705594E-002 -0.13311646008867642        6.3080847154309394E-002  0.10913853857582338     
  0.17374372990942344       0.10970468417054426       -1.9958970667365749E-002  -1.6286270458270285E-002  -1.6427558044655344E-002
  0.20439004441942302      -0.13535025490819111       -3.9772200163118762E-002  0.11634327577280298        9.2896205476387689E-002
  -1.0575282313889097E-002   8.1493825929932998E-002  0.10379055827002820       -9.4254912178384095E-002  -3.6540290949713727E-002
 -0.16397477971810104        5.6369806694436690E-002  0.10882357248079501       0.10512597333103672      -0.11470643806360582     
 -0.16740106047480779        8.6018264480767229E-002   1.3871502737721027E-002  -2.7130983773505046E-002  -6.7408670055402589E-002
   9.3453988361940063E-002  0.12942082051053311       -1.3020957092672010E-002   7.8366123223805553E-002 -0.14659706589943758     
 -0.15499245806363601        4.8574050458632646E-002   7.4586675632736688E-002  0.15493930017301460       0.14258385256264267     
   3.1944113609374235E-002   4.0139272815359756E-002  -6.2145248002972338E-002 -0.10924704344105539        3.1773479326139837E-004
   6.1712597733719572E-002 -0.23287473965417599      -0.15042793305170812       0.10274124264904475       -9.9111087922116009E-002
 -0.11130158877516759        1.1429424920294900E-002   4.1558628738640718E-002 -0.14245396791074760       -6.8906993755527599E-002
  0.14564631190277721       0.11480728350542220       -4.2351756316153483E-002  0.11664219141044153       -5.1073817314714963E-002
  0.12718358636484828        1.4914330681267235E-002   4.8571246060515341E-002  -4.9071614949022617E-003 -0.23233285555404090     
  0.12324772332163265       -6.0299006158892360E-002 -0.10528009598600103        9.9088785792086974E-004  -5.8715940416562772E-002
   2.4574792913455181E-002   7.3522540955732574E-002   7.4207170101804804E-002  0.13274300311825979       0.11788059133227216     
   6.5423004216099173E-002  -7.3431907747637484E-002  0.10126371748821640        3.5228075388141829E-002  0.17214028734604334     
  -6.2886125766159678E-002 -0.16145744040438229        2.3413392370023402E-002 -0.15833517315708714        2.2934227176389602E-002
   9.1042701681643606E-002  0.12886282983365524       -6.4838996886720984E-002 -0.14887044447060260      -0.13484287777852319     
 -0.15122666184847908        6.6072246230414175E-002  -6.4745192438668900E-002   7.7899176734757852E-002  -9.2786750535051518E-002
  0.12500713169817207       -1.9494265184572618E-002  -7.7426548593181224E-002  -9.0568166803954200E-002 -0.18898655251494564     
   7.4113764779723437E-002   5.5550167663998326E-002   1.7343299919444739E-002 -0.10694079623034868      -0.12459860218578007     
 -0.13548677112854465      -0.12774353687100351       -7.4972490451717749E-002  -9.1011508828089394E-002 -0.11646809166944862     
  0.13512830614723528       -4.8480153739675784E-002 -0.15280567656377542       -8.1032515408247199E-002  -9.9263497805681375E-002
  0.20987802461838251       -7.5613901176458567E-002   4.0162359503508993E-002   9.6643074564428277E-002   8.0070680446969175E-002
   1.1687146352158671E-002   7.9314725610195147E-002  0.16009777133198208        1.1573742879921680E-002 -0.10957785017463494     
   5.6383464408165988E-002  0.14099967379596864      -0.17513452378990840        7.6393477013078873E-002 -0.16811145383442297     
  -4.2885373546156909E-002  -9.8142440424262553E-002 -0.10007765851447105        9.0730724779969379E-002  0.17904269841892231     
  -8.2755402121733046E-002  -4.7764487722642038E-002  0.18579443032792037       -3.0959066082835052E-002   2.2814704893529242E-002
  -5.1030568783544936E-002  -8.2922806310375671E-002  -5.8683452480265727E-002  -6.0173134239946732E-002  0.11222417297211010     
  0.16758838766411732        3.3647528940766833E-004   3.9529992251475063E-002   6.1997493765523840E-002 -0.13205926169043608     
  0.10847169894684201        6.3392592538909318E-002   6.7433117141953089E-002   8.0224375589577832E-002  -8.9721740974906844E-002
   6.6025684867022219E-002  -7.5037541546934081E-002 -0.24888407681998204      -0.16851748018258789        3.2045853422635981E-002
  0.13306496440468468      -0.17780023560737718       -6.4416062421586831E-002   5.3968165604659377E-002  0.10981461240987227     
   7.9889540355352395E-002  0.14147794939726074        6.1373769065766019E-002  -5.9283631216358407E-002   7.3197366833995567E-002
  0.14521123738323649        6.9190172885261400E-002  0.14036285591125328      -0.11383972111517678        2.0514596639004956E-002
  0.15197191737028692       0.14305433688809516       0.16002691828458268       -5.0018962804710063E-002 -0.19237517129019699     
  0.25922955100130018       0.24242334023102055        2.8602064391025615E-002 -0.15203852476209101        8.3960736461679578E-002
  -8.0510652518388723E-003  0.12834067905186494       -9.9363391886047855E-002  -1.6360054051133732E-002   1.6325715564646883E-003
  0.15608881860783641       0.11093833568745819      -0.18317434227265431        8.7357656977281567E-002 -0.16143242187853638     
   9.3456251129132140E-002  -9.5185101549820350E-002 -0.11328856946992458        9.7846342271136977E-002   2.5258756520337714E-002
   7.5112650013613044E-002   3.2586111307251892E-002   8.8230307681313996E-003   1.2861640458283502E-002  0.16483004043550215     
  0.11390153256804909      -0.12552311120211257       -3.9057634855508200E-002 -0.16171323772858787       0.14882903827696839     
   6.0975142932967415E-002   6.8980889792099750E-002 -0.15378024220980438       0.14864197736320039       -1.9397359115394950E-002
  -3.1131630704781792E-002 -0.19451760132875137        7.3961853164849531E-002   5.4515252297725664E-002  -2.2405697750341312E-002
  0.15106342177562965        7.2253478901774817E-002  -4.1437513527382314E-002   9.9475333135678662E-002 -0.12912535447471452     
  -7.9066134462836626E-002  0.16173274130646106       -9.4412548419371203E-002   3.4688597489315749E-002   2.3461376063234975E-002
  -2.3724521868222700E-002  -3.5410242456365578E-003   6.8245403736147764E-002   5.4315926659144809E-002  0.13100513739556086     
  0.14720213362818330        8.4492807808002210E-002   6.5622693947929911E-002  0.15752670077784237        2.3379647194319383E-002
   4.7488500973176265E-002  0.15687768958486176       0.14270765564603924        9.2900846441107660E-002  0.13081159766503472     
   2.6251472823373190E-002 -0.11385223187733470       -5.4120239769515528E-002  0.15609714639601055        2.0693171735648677E-002
   1.9257210818818201E-002  -2.6992611926486339E-002 -0.19276969376969721       -6.4320459831937751E-002   5.2815550977402620E-002
  0.16034469635281606       -4.0617723946458406E-002 -0.12237780830974157      -0.14854336660920600      -0.15311465994939263     
 -0.13168269682386802      -0.21411166905471954       -7.8535236508737186E-002   6.0528628010787004E-002  0.12124472568313104     
 -0.12644368308157064       -3.5692419220786226E-002  -2.4791359632700332E-002  0.11274020288244307        8.4659727195200759E-003
   4.6301487614335758E-002  -9.2419396599813658E-002  0.10855685734218548        8.3015171628641971E-002  -6.4068782831183266E-002
  0.12516773358512487       -8.5998480435577521E-002 -0.11314756533387399       0.13411411045144753      -0.19802544754739571     
   7.9125301080554308E-002  -7.1896001536842724E-002 -0.11311266480856429        1.6246873834982953E-002  0.14810384540226509     
   9.8140939975606523E-002  0.18513012358012043       0.12400307798777385       0.15124879174207745       0.16999780665164832     
  -5.5709748073877359E-002   8.5626989104081279E-003  -9.8979768512038990E-002 -0.13047693434314067      -0.16809425917724519     
 -0.14764426015273308        5.8723709707712610E-002  0.17358484684997949       0.14589791870224669       -1.7776179951989299E-002
   2.3308722285460937E-002  0.18695765884185958       0.15068809017586290       0.10688874101792552      -0.15572216333759029     
   3.8881498804626581E-003   5.3971846232249744E-002  -6.0639236174624120E-002  -3.6031740046274879E-002 -0.16277361439217286     
   6.4079424484773287E-002  0.14622731018763882        9.0786087479008348E-002   3.2275997836888448E-002  0.16220468697996795     
  0.12886599265684073        8.6473245840162485E-002  0.17103713991121289       0.23835212090691268       0.10291513586213649     
 -0.12070521033327360       -2.3747075818949925E-002  0.10735201150723227       -5.9184348383302894E-002   5.5126779418406664E-002
  0.12550366764207341        6.6631883144526755E-002  0.13660447460287486        7.6034829313156235E-002   3.3828228298055305E-002
   7.8556847971451335E-002 -0.17766550891284819       0.12205929989409282      -0.18684579108134683      -0.13991968149266992     
   9.0041669927761921E-003  -4.1495968804043992E-002   5.2657926523753222E-002   6.6100548328544118E-002  -1.9009732429694552E-002
  0.15593237532747578       0.13876766235158194        3.0671890311574669E-002  0.26537970883332529        4.8940603344766492E-002
  0.16651088131373776       0.14318676070168909        9.0653351055468109E-002  -4.3828151129020970E-002   2.2519695843257075E-002
  -7.0550405914569056E-002  -7.3444749756359257E-002  -7.6739462071965959E-003   2.6311417487797039E-002 -0.17851004489449365     
  -3.9011106980953718E-002   8.0769594650106608E-002 -0.21852556117568533      -0.10912972198829521      -0.21774359373658111     
   6.8259835702126084E-002  0.11969727140485072       -3.3443678914133114E-002  -2.7982496086917056E-003 -0.12265204204917793     
  0.16228431412411432        2.2722283563369295E-002  0.17406186864858791       0.25716081512051547        9.3203029801247644E-002
   9.5227402981911027E-002  0.14060865810370152        9.0027275523810207E-002 -0.14751728781302881      -0.25071578943845302     
   7.8246572952069965E-002  0.22754917312810075       -6.1300450121401347E-002  -3.5414338196580277E-003   1.7474936502268480E-002
 -0.10506794733733764        3.8827606252873369E-002  0.14463411839895232       -2.9733173152381106E-002 -0.11871238216146808     
  0.12439402247439911       0.11857632905351911        6.1272735616537566E-002 -0.15925597390643254        6.9829095289684661E-003
  -6.7866525341308218E-003   2.9847441574679758E-002 -0.19563048057067267        2.9973546539073016E-002  -9.8790564912032114E-002
 -0.11494268304084171        3.6832011783125576E-002  -1.3676372485403215E-002  -5.7447641393081297E-002 -0.11610416381111453     
  0.16924522738170708      -0.12767379512094137      -0.10799396856804769       -9.5882604541899733E-003  -6.2761960132226555E-002
  0.14472858095881505       -7.1239964829944477E-002 -0.19044578701385356       -4.4687085710556428E-002  0.18545885835295800     
  -3.2778759144782163E-002   4.2867370196269704E-002 -0.16441817093119493       -8.2921501436129988E-002   7.8051293258706217E-002
  -6.6935656590257409E-002  -5.6059660291370189E-002  -7.1930630086099553E-002 -0.21079468392894316       -9.6700165111150392E-003
   2.9444016018259966E-002   6.6246019604150969E-002  -7.1678853242761825E-002   4.5143987905042135E-002 -0.19659509263923139     
 -0.18455338636278720       0.11406852852488608       -5.6263675703759695E-002  0.16727933748178364        2.9653299197382584E-002
  0.10420103832104870       -6.6433863251218819E-002  0.11978484735627808       -4.3356367846620607E-002   6.0802840348025855E-002
   5.8199283087844819E-002  0.13459603344814172       -3.2273158833786994E-002  -1.7107288377406948E-002  -9.2327643539309376E-002
 -0.18091663239313091      -0.14121819965442775       -1.2152334396870761E-002   9.8856592124359099E-002  0.14914730118801672     
  0.16837404505926162       0.10550319916182684      -0.13183001869408276      -0.22497027875138806        4.4424980077649605E-002
   3.2873036303392521E-002 -0.12464761886831201      -0.21197439143097130      -0.23211274845843161        6.5014343751424952E-002
  0.18646170686017813      -0.11890301754707384      -0.26289326847848937      -0.14579353990611868       -5.4843530700211751E-002
  0.17319477451247303        9.5748379500819533E-002 -0.13606081015524898      -0.13403806918036040      -0.11776624407147135     
  0.18369346273346343        4.0664865010018444E-003  -3.7794153907208701E-002  0.14639476967676571        3.5396799967107290E-002
  0.18839165867629784        5.6991202829460998E-002  -3.6751503223955977E-002   3.6273736934971212E-002  -6.8707197090155971E-003
  -7.3325013586013926E-002  0.15873370261088490       0.13888390810536616       0.14039621502752067       -3.2823284037457240E-002
   4.0697725127322469E-002  0.14918115018974212      -0.15881364861658112       0.15028607143790473      -0.18214776315174880     
   5.8647152489963356E-002  0.13955526646830857       0.18212307541079997       0.15679582510042445       0.12297789547725167     
  -9.7232627259307328E-002  -1.6012928128602479E-002  0.16208970497418040       0.19647473404719551       -1.5094630147242947E-003
  0.15789962382962436       0.14478771247846900       -2.4013421576294748E-002  -4.6600674650719313E-002   6.3299556380835315E-002
 -0.10687050233471306        1.6399564905907892E-002  -2.1716231320789560E-003  0.16459871663564254      -0.14786370475729027     
  0.11665794969521748       0.13742503988214996       -9.2683702026589321E-002   1.8880302652741175E-002   2.3250314666632303E-002
  -8.2034676074781113E-002   6.5784647568057977E-002   9.2501199501863040E-003  -3.0687156335409471E-002  -7.4550847160393827E-002
   2.2150098741207519E-002  -2.6065645184711168E-002   7.0063811105646689E-002 -0.14913459440126192        5.3542828405763340E-002
 -0.15541700164933900       0.10824083613989571        6.4515551902032592E-002  0.15239014587981298       0.12456712827741589     
 -0.11759525877063971      -0.11851481307570860      -0.16732464154229792        2.6092138881071682E-002   5.3477361327635128E-002
  0.10429411290480524        7.5872743293069228E-002   1.2737812330463351E-002  0.15818680626202661       0.14249919328135319     
 -0.11846548483914890       -4.4546538777621734E-002 -0.16614704730418095       0.13902706369178158       -8.3663318302323597E-002
  -8.2165418173827026E-002  -1.7121788189453264E-002  0.13697239544655648       0.10374557725883719       -6.9547270917716938E-002
  -9.0919205558684130E-002   6.9589437286211170E-002 -0.12855286330434942       -1.9811154855379860E-003 -0.14499088752216410     
   3.3699201143164964E-002   8.6573113356796100E-002  0.12247416473469062      -0.13416281836592420        4.2314211670220023E-002
  -4.7364049527228710E-002  -6.2171538583678791E-002  -2.2354167596906047E-002   7.3162728275021099E-002   7.2777294915683209E-003
  -9.8135468718422283E-002  -9.2673839213938403E-002 -0.17223660783055356       -9.5154185412176476E-002   9.6197670126968379E-002
  0.11244042017459106       -3.1773198565939352E-003   7.3985340231885882E-002   7.9877758653205400E-002   2.9934417195446983E-002
  -5.8474179698040550E-002  -4.2232456879319064E-002 -0.16360520093666112       -3.0639642331317763E-002  0.13554097862256850     
  0.10381739906163095        2.0524119013344819E-002 -0.10494786862623644       -7.1058812173570837E-002   7.2661223808571151E-002
   1.7736839878420688E-002  -7.1763799761421804E-002  -1.3425571526234442E-002   8.8917160731934022E-002  -4.5878360422208574E-002
   8.6230058874201543E-002   6.9538012718913494E-002  0.16608854237216047       -5.9770746868596604E-002  -4.3902732616696229E-002
  0.14158011342658780      -0.13932014779652141       0.13226139989089272        7.9061803525672603E-002 -0.14739388236793197     
   6.0702547901804176E-002 -0.12009733291717749       -6.3812195884130493E-002  0.11982768089037481       -7.2095906442174895E-002
   4.0287340462363222E-002  -9.8423720880403021E-002 -0.15327165713145666        5.4933772816432691E-002  0.11638444584680706     
 -0.10430988153010333        4.0492348493484431E-002  -1.3779925585883927E-002  -4.4597030729269051E-002   5.1545650644372158E-002
  0.15867204622698447       -8.3699587098263070E-002   8.3513205806022561E-003 -0.11565786165179942      -0.11406733963278101     
  0.17050348180236938      -0.16462090297648968       -8.7488388002480946E-002   8.0680568238164177E-002  -1.6540932383238637E-002
   1.1931221285602421E-002  0.16305533494562682        3.9592647424606581E-002 -0.12752193296919925      -0.10685437752988471     
 -0.11407187788955346       0.17412398403393314        8.3304688163535714E-002  -5.2405998658266216E-003 -0.10425445947865007     
   6.9698553664628057E-002  -3.7144240017624702E-002   4.4066655195474785E-002 -0.10437528542379311        4.8926440428880384E-002
  -3.4687675566731378E-002  -9.9679895616639966E-002  -2.1405902718051872E-002 -0.11681433944323684       0.11213864485084643     
   1.7036248690543796E-002 -0.15250962488289629      -0.11683586937702867        2.2920142618609161E-002 -0.11285545400175538     
  -3.3925301749701477E-004 -0.14273649536074134       -3.9752599261151059E-002   1.2660056623305009E-002  -5.5730863129874956E-004
 -0.14923670308166426        5.9032362803341665E-003  -2.7048726090181639E-002  -4.1100324355219557E-003   1.0133980012094443E-002
 -0.12578465686941476        7.0670892589286480E-002   7.9916255633019323E-002  0.15228766776736041        5.0184031660653938E-002
  -7.4096347638701737E-002  -8.9520659851499707E-003 -0.16155728572056460       -8.7696133154812450E-002 -0.10287732302631832     
  -9.6164317810510623E-003   4.5966146246093957E-002  0.10115669534362905       -1.5175728830365814E-002   7.8322224395100497E-003
  -5.6653916968697988E-002  -7.3831891279333581E-002   3.8470765423978537E-002 -0.16917139512163731       -8.8282380505413247E-002
   9.1615124523811098E-002  0.12208594482252913        1.4626969858662658E-002  -7.6476639681504033E-002  -2.9986487283129679E-002
 -0.11517674625747869      -0.13804734862917473       -4.9264952834154538E-002  -5.5187333880239935E-002 -0.10339299106883751     
  -4.5671194822217979E-002 -0.13234735931538236       -8.2507634196843344E-002   1.5756809598933740E-002  -3.8421951219041871E-002
  -8.9786001378092783E-002 -0.14362552658351482       -5.2654967596780643E-002   3.9754148145066101E-002   5.3386732915298288E-002
   9.8834908016201234E-002   8.0681460792479023E-002 -0.14056368897764951        4.7699084772502301E-002   9.4850413101962808E-002
  0.13534454060525539        3.1005108552560494E-002   6.8873410598405141E-002  0.16455707858948293        1.0880781521955219E-002
 -0.10734445092585625      -0.17025387543485504       0.11592566587078496        5.4940276491323152E-002 -0.13343226709400025     
 -0.18582888406835416       -8.5089376572373879E-002  -8.3173650091770787E-002  -7.5464512029185235E-002 -0.11383946709499479     
 -0.10911971470483384        5.0252171110082261E-002 -0.17829523902519812      -0.12782183246645304       -6.1521648528474665E-002
   8.1172583891775771E-002 -0.15130574376270245      -0.10292702012124469       0.15847378161154593       0.15018290069648843     
  0.12752140607508744       0.18776019405270075       0.18607994336238345       0.15693883752650792       0.13829881780203979     
   9.7522798917680009E-002  0.16482001401528323        7.7141711087972437E-002  0.14919045199492997       -8.1654003000009384E-002
  -7.0605004785804906E-002  -7.3460961058717883E-002  -4.4076754449496908E-002   6.9362774815376333E-005 -0.12919083640911508     
 -0.16867787479401380       0.13159706802868767        2.1017045107654314E-002  -2.5359959138469296E-002 -0.16318797612964339     
 -0.13835821210543139      -0.19167044805226888        3.8531192266935625E-002   9.4481295701497020E-002 -0.22700961345407977     
 -0.10486638250570844       0.12081301036176391        4.6885750688997696E-002  -4.6918563794859092E-002   9.9281994232943011E-002
  0.16878012541531967       0.20319702504382997       0.14061390929501752       -9.8390714259218220E-002  -8.8641166247335368E-002
  0.11806534897839961      -0.14572615306010966        1.5736294102235683E-002   6.8605028941426394E-002 -0.11444274658612166     
  -8.0801788407448824E-002  -1.3321766788788377E-002  -9.5348193595786515E-002 -0.15869278102137707      -0.18481765550362692     
 -0.13500157367455187       0.14041184063004461       0.17546699781788294       0.16752022538922229        4.5698540660734456E-002
 -0.19735367853851871      -0.11367777371145280      -0.19526205925028353       -3.4484188226065735E-004  0.14868633293724742     
  -4.7137808795092218E-002 -0.16588134312133246       -3.2623961146884487E-003  -6.4905658275889566E-002  0.10250684016596007     
  0.19536705106464297       0.18214505559952632       0.16118288892602770      -0.15644216317702456      -0.15189984032214007     
  0.19891045925713174       0.14707999509248343        2.1667457454964213E-002   5.0709305309809077E-002   7.8150867657551790E-002
  0.14419063103186297       0.14398963683890698       0.12736943446660226       -3.3754031437631171E-002  -1.4303681330223592E-002
 -0.10549924935982831      -0.17380585330097104       -4.6074622057640478E-002 -0.16637797523878428       -6.8178267839576437E-002
   4.6374839319971273E-002  -3.7668330285663472E-002  0.14122352214826547       -4.3298134693777718E-002  0.15047565859895415     
 -0.11133968731751824       -3.5876933730493825E-002  0.11688247328697567      -0.10496685520390438        6.3350828185623709E-002
   4.3234624213617109E-002  0.15078312170975336       0.20322779530636639       0.13971370204548167       0.22293042915975350     
 -0.15930435998138731        5.5447170236557757E-002  -2.8623305962389746E-002  0.16329842870859682      -0.13611882894062330     
 -0.15856292822313223      -0.14845276043449385        7.4108723148216718E-002   3.1148115549912286E-002  -3.8049286512328820E-002
  -1.4745821126569371E-002  0.12162412635444327       0.17529323994704438      -0.10668541650008256      -0.11760982091770959     
  -4.2430176578107985E-002   7.2684440034221698E-002   8.0150406472170199E-002 -0.16984728202320493       -8.9113612632485736E-003
   9.9227843472976918E-002  -9.5007624499102758E-002 -0.10338723069977722        7.2188529425575493E-002   9.2203342189018184E-002
  -7.2323898248430163E-002  0.11418296501257465       -3.5469442376535906E-003   6.1839406101392949E-002   5.9416632312138049E-002
   4.0874309886080359E-002   6.0536816229028810E-002 -0.13508044306396111      -0.14909834883625661      -0.14331863693589561     
  -1.0795604438642973E-002   3.6452387828837467E-002  -1.2249680815927790E-002  0.13368315455764682       0.15900666928295434     
 -0.11066460645177183       -5.5938579858773499E-002   6.8413299806935196E-002 -0.20321803733238514       -1.8082376037114041E-003
  -6.4645382016115055E-002  -8.0676448494027747E-002   5.0984087070337650E-002  0.11609123211650595        2.3629835908289598E-002
 -0.14130861199518088        7.4659120913376134E-002  0.12232541504495124        1.5873315337880719E-003  -6.0976906375951330E-002
  -5.2948954774702635E-002  -8.9981550758802629E-003  0.11610284878950924       0.16721331724183996       -9.1344254460162436E-002
   2.1592660176662181E-002  0.12041672221989250      -0.10828687580281468       -8.8244208218244857E-002   4.9011842850244895E-002
   6.0465382824684631E-002   6.5497093732038950E-002  -7.2587278960237422E-002 -0.18024889677956679       -6.0250571846842675E-002
  -8.8663816123373818E-002   1.4881007330178973E-002  -8.2085319466980652E-003   9.7323852395896276E-002   9.8419586902588299E-002
  0.12975208231966009        5.6277199709811293E-002  0.11409690996042302       0.21546498445054935       -7.2814860587937444E-002
  -6.5621853587266951E-002  -6.5537226214952379E-002  0.20198773443678583      -0.12724345921261282       0.12079759520449179     
  0.10321466030477584        8.6845252352966123E-003 -0.11191959598267774       -2.7601293800169430E-002 -0.13802049498544020     
   7.3330559029542067E-002  -7.5284154218062505E-002   4.3864733822546485E-002  -3.7625072710417241E-002   5.5824672417342118E-002
   6.7364586729816031E-002  0.11121791815929176      -0.16158326120612720        9.1643441424156827E-002   1.8167239490543441E-002
   7.5886887782935647E-002  0.10439689517650538        5.9027352420383421E-002   3.4385832965414982E-002  0.16538016148250836     
  0.11286490643473150       0.14960876452358338       0.11193502189549416       0.13115904155629940       -6.1615744609464611E-002
   1.4359553609470201E-002  0.23533318763429614       0.16086291296764860        2.5061377120056232E-002  -8.4686357040000756E-002
  0.17978219206162907        6.9710474484119669E-002 -0.12184654946056438       -8.6128289755021417E-002   4.4448153129057942E-002
  0.12548621677613075      -0.12590663708820152       0.17140914130001908       -3.3517078400299508E-002   7.1239833085108714E-002
  -1.7934623415579890E-002   5.6696123088317431E-002  0.10868320017015390      -0.10636434117968967       -9.0393857615249054E-002
   2.4818777912750879E-002 -0.19677160480719785       -2.6307746251676312E-002  0.11761354238750749       -3.2492706535107184E-002
 -0.22940830332170870      -0.27659487080963630      -0.11579624819333188      -0.20284775548032324        3.3280036621429449E-002
  0.19879340159098474        3.9741871111214480E-002 -0.11473617800033971      -0.10236891330413607        5.5766406928530590E-002
   7.4234680225728183E-002  0.24673958541748858       0.21452376855683869       0.12028444147190789       -5.3896890685021459E-002
   6.1724204379761581E-002   8.8985322716772161E-002  0.22513656857270187       -5.5026851998080328E-002  -8.5389203646832793E-002
   1.2496374934008079E-002   1.5331744350247877E-002  0.16702424363588067       -5.3274483406120593E-002 -0.20421895845531107     
 -0.13895066180321672       -7.2040311893271758E-002 -0.15198218736468178      -0.20269041426408507       -6.1046908947029889E-002
 -0.11944269011511137      -0.19170841582778045        1.0372986709269311E-002 -0.15347542940097178      -0.10560535167950856     
  0.15379883996936489       -1.5776442933882057E-002  0.10912582547729562       -2.5403875891316170E-002  0.12864533243046558     
   4.2682700366782338E-002 -0.12544160593796144       0.17077288901305368        6.3547177507436228E-002   7.6966354338615067E-002
  0.10392065868413618        4.0231649915557784E-002 -0.10994123455008116        2.9384276883426128E-002 -0.14814581426670123     
  0.12499527630632735       -9.4675640392535579E-002 -0.10123922588502798       0.15109228217058143        2.1984002112434543E-002
 -0.22621895399791786       -5.9060661931293827E-002   9.4865588588867261E-002   2.4076349703278923E-003  -2.7542838442327681E-002
  0.13023750215653820       0.13193102259214759        5.8078185962250062E-002 -0.16271763058639740       -9.6020910293428130E-002
  -3.4022920809904079E-002   8.3416723495725140E-002   8.9939558833086429E-003  -1.8630896718313913E-002 -0.19539623223663743     
   6.1559052230535885E-002   3.6200218911761756E-002  -2.0848037268343694E-002   4.1418846949651700E-002  -7.1743580388567388E-002
   2.9099753798001355E-002 -0.11636901241364221        2.7597247229163113E-003  0.10328210955647681        1.9384563568677730E-002
  -8.7976258125529366E-002   5.3130203876047714E-002  0.15786638761696731        4.1502846037411306E-002   3.9101894754722248E-002
  -6.9800759607811392E-003  -9.6106564322167104E-002  -9.2564769242530293E-002  0.16657886073963638       -1.8224969026285646E-003
  0.22636309939954521        8.7012002935874397E-002   9.6100104093309449E-002 -0.19133234933208901      -0.14834901499414141     
  -4.4432056789070466E-002   5.0485598568858196E-002   2.6043187771698076E-002  -8.6652495394552193E-002   1.5943319314333581E-002
 -0.25363953155004104      -0.13048278651304954      -0.22509585074015440       -6.5191835262060710E-002  0.16640013554987665     
  -1.4913732062325555E-002   2.6398922686923756E-002  -2.9916092581847891E-002 -0.15356769842601087       -3.5707391478528305E-002
  0.25543005012127556       0.18079025840677268       0.14821148371916879       0.12603118769547211        1.7373270636868277E-002
  -8.7265643647094035E-002   5.1582884650764403E-002   7.6957744038671366E-002  -3.8789483457949116E-002  -2.6499911125394182E-002
  0.15191582922919200       -6.6733750404149292E-002   6.2289609493687725E-002  -6.8540067890706172E-002  0.19485058703680805     
  0.15703982818921186       -5.1601728483122077E-002  0.11785171007690956       0.16732392284036632       -2.2741671435705307E-002
  0.21089891073056299       0.18417201843380282       -6.6315780073070679E-002  -6.2231173151956490E-002   9.7982721157383167E-003
  -3.4680318487039521E-003  -5.8604308492912087E-002 -0.13736569710042162        9.0564815630518020E-002 -0.18232754420367589     
  0.16062319006201212       0.22247467113161010       -8.8832246092174244E-002 -0.13755981409701792      -0.15482163947155272     
  -5.5268332501700969E-002  0.16607728306426864        9.6057931897405316E-002   5.9401955623190415E-002   8.2416893078301731E-002
  0.19517611118250142      -0.12163556203181100      -0.19422384684851318       -4.6342427194623156E-002  -7.3064855188800263E-003
 -0.14220786523181023       -8.8893235607485063E-002  0.11236289048616735       -9.2389898754115796E-002   8.0838685834985033E-002
  -2.8794183999623604E-002 -0.11592520142434108      -0.17608106115943181      -0.12340184753701511       0.14594018875933973     
  -2.3726161238519998E-002   4.3506021478581521E-002  -2.0114540802597246E-002   6.2388123033589545E-002  0.10264474294527003     
   6.0135734293359562E-002  -6.5683751755524641E-002   7.2246283442199175E-002  0.12626657478962991        6.7328603931812135E-003
   5.6627611449613105E-002  -5.2556774483134665E-002 -0.14746983369817168        4.2588754716419895E-002   6.0122271771387355E-002
 -0.15012325959613593        7.5825029466621438E-002   1.0081760943821814E-002 -0.15974616609872683       -1.3813035091790191E-002
   5.1600652499959468E-003 -0.13662535531612277       -4.6977841410740261E-002  -1.2763509109662697E-002   4.4399417507994407E-002
  0.21781280084244056        5.7565193807588885E-002  0.15573696887786700       -8.5704849082497390E-003  0.17504105219681065     
  0.12597560030926661       -9.3392879213333724E-002   2.1368062759704466E-002   2.8769239425397393E-002 -0.13854015280556858     
   9.6768315790318297E-003 -0.11308446216522657      -0.12888304667126860       -6.4408689210580933E-002   7.9366727520044048E-002
 -0.11304357487195070      -0.20206583812991560       0.11488115306606739       -2.0211839489484185E-002  0.17725635469164819     
 -0.12842782389903531      -0.12921986371131600       -6.6522933734068465E-002  -9.3386084213450182E-002   8.4863657880812640E-002
  0.17534462921833135      -0.15609862041855360        9.5188174518252039E-002   4.8527322700111217E-002   2.3420816592847768E-002
  -9.2880144936557038E-003   7.7044977159307887E-002 -0.17655767170912448       -5.0124855290574671E-002  0.16299569789938489     
   9.6793983997457769E-002  0.14770928784952497       0.15925274142547938        7.0769085039773028E-002  0.12667563755298561     
  -8.4232051144363079E-002   1.8500899226290501E-002   7.7531630855352779E-002  0.14945690135908196        6.1063559832050120E-002
   9.5413908356150906E-002  -7.9451591063682284E-002 -0.12189609831276756       -9.6206637328612038E-002  0.10027351363036391     
   3.7944865519774711E-002  -3.8659980061135864E-002 -0.18821733951471481       -1.4351743727198503E-002  -2.1726420912897139E-003
  -9.0359211299583519E-002 -0.16802632297660966      -0.16348757056971405       0.14142858617566573       -9.9894771021453513E-002
  -5.2706118879027909E-002  -2.2786336522949993E-002  -4.6755592272951341E-002 -0.14159829909084151       -5.6886883398717582E-003
  0.10278649159207252      -0.11664379485461394       0.13549124596374706       0.10773186165164768      -0.13742755474513249     
   4.5069249883075049E-002  -9.1078993845740794E-002   9.7198660571014242E-002  -3.3414827846920535E-002  0.16229632483483938     
  -1.7815548358681994E-002  -5.8743065003828338E-002   4.0773686478764067E-002 -0.10624306542038817       0.11443102110536735     
  -9.9420271431424120E-003 -0.11770596849269788       -5.0713119094933742E-002 -0.10892515331643479        7.1633826376020004E-002
 -0.15128035645374749        8.1622703827120169E-002  -7.0887073986583199E-002   1.0791785085785759E-002   9.7337981798918866E-002
  0.14705215466302612       0.17317369470893712       0.14988928322072090       -4.9797555415241820E-002  0.18037950653156171     
  0.14807661860892088       -3.0855501683369192E-002   2.6517086380962698E-002   3.6796846512949483E-002 -0.10091893838010221     
  0.20543889830609499       0.12924640293246642      -0.13476477746868559      -0.13248657130797140      -0.11434505119341958     
  0.14605648675847038       -8.9902932021518431E-002 -0.15709194072995139       0.14193043556374924       -8.8711472632284391E-002
   3.3333479270957471E-002   2.0155886186412966E-002  0.10546648616267815        1.5434637484363124E-002  -9.1175202267320413E-002
  -1.8013238654006315E-002 -0.11800900091920251        9.7178156442859556E-002  0.16778344874531770      -0.16702262634011919     
  -5.1305295750423002E-002  -9.0524978120347419E-002  -8.2384161473995424E-002  0.10043506099728652       -2.2587097033315781E-002
 -0.15640462126311921       0.12684666462818753       0.11837042336940150        4.6261933401537031E-002  -2.1406247035140281E-003
   4.5906641655930162E-002  -4.6941669830318250E-002  -9.1390211060638868E-002   6.3167623094244729E-002  0.11121064927255268     
  0.10737464721388496      -0.10979510179642249      -0.15406331499549827       0.12215202266287434       -3.4691788149066045E-002
   6.0370619418673679E-002 -0.17975394454891538       -2.1074171848263126E-002   4.3250790852195659E-002  -2.2648571685090987E-002
   7.4166512497543718E-002 -0.13673301332050694        3.5793784060371606E-002   5.4165346860726209E-002  0.15791646794688360     
  -6.9375898472245331E-002  0.15114330978765847       0.12843641141715786        8.5362856282929292E-003  -7.3326322716135775E-002
 -0.11561549950145007       -5.5620193729954914E-002   5.2701946055801578E-002  0.11352211157459652       -2.2591264260033762E-002
  -1.7491482269792153E-002  0.10700362559789194        7.0432356380418521E-003 -0.11991708020999153        6.5935965717876077E-002
   9.0301162333080498E-002   6.0688420885278080E-003   1.9019270121423300E-002 -0.16942224677705273        2.9071988574088371E-002
  0.18834618327472741        9.2031031489021420E-002 -0.12834621929222639      -0.10996307706250567      -0.10480251913337783     
  -7.8564426114184710E-002 -0.12768854863608184        3.6798996842066188E-002 -0.12333660773926985       -2.0033257179013597E-003
 -0.10714761252288985       -8.1817597983631585E-002   1.9768227684578928E-002  -8.9700350735133313E-002   2.4347244370033966E-002
 -0.16107942116311935       -8.0311033093629330E-002  -1.2475986300678726E-002  0.10236619491635263       0.12158184511376266     
 -0.14238943020493874      -0.15063436764834329        5.0842984750710286E-002  0.13570394579192344       -2.6096259978029158E-003
 -0.12832420142058756       0.14421157387988426      -0.11630954955195040      -0.12886166724075557      -0.17150740334223921     
  -2.0890068217513640E-002  -6.0090483265912702E-002   2.5210479785650237E-002  -9.8352044261390770E-002  0.10028000327203174     
  -3.8592188814266300E-002  -6.0703574480232749E-003 -0.15699765347399103       -3.0246976118791978E-002 -0.16033494849058508     
  -5.1650207878849934E-002   4.5141422484087729E-002 -0.20448683593519693        4.0628635184889197E-002   3.7707805819620958E-002
   7.2693786215840148E-002  -7.7575163426576624E-002  -2.5033730801178870E-002   6.4273915204044151E-003  0.11199782197089977     
   9.6316584868164315E-002  -5.7205272718478070E-002  -2.1577586930543166E-002  0.12914835908721475        6.7433866550613383E-002
  -7.6967576601950933E-003  0.19117052745076910       0.20491458416614317       -8.7190368485015046E-003 -0.10295240417982307     
  0.13848344837583859      -0.15068006925613270       -3.5785680901748225E-002  0.15095494323839334      -0.10532314338365523     
  -3.8638885132676035E-002 -0.15049231392837861        4.4870177517863027E-002 -0.13313441136190515       -1.8744715873365677E-002
   7.3542287447231182E-003   3.1310454558049358E-002   1.7248166541025844E-002   1.1408659599669029E-003 -0.13422808220374910     
  0.22553946201580183        8.4659188101019467E-002  -6.7163051615831471E-002  -9.8025571369444550E-002  -2.1515110460238431E-002
  0.11608247663134370        1.2780861631928587E-002  0.17220142244033129       -6.4652331899415466E-002 -0.15039562487368208     
  0.16098248692841460        3.9727551079479749E-002   6.9363561339891050E-002  -8.3409301144757083E-003 -0.17535875912179352     
  -3.7336884337949856E-002  0.13613555330354410        7.3656047321671208E-003  0.15125488556898897        7.7209964532764297E-002
   3.9786671397166989E-002 -0.12019435067858036       0.14744343551908870        9.7273726705207203E-002   7.2565482949790899E-002
 -0.16901554022672202        8.6292577805901230E-002   5.5460990209718945E-002  -4.9442166244864388E-002 -0.11538496224602622     
  -7.0441299215444425E-002   8.1441205040036796E-002  -1.7850863543353830E-003  -7.2787566241560658E-002   1.4345854576062425E-002
  0.17232701325528113        9.7354962660064839E-002   1.9108614789173500E-002  -7.8187237567064347E-002  0.12593341263230515     
   4.6700049307036667E-002  0.18349575931280043       -4.5367189714136134E-002  0.11194558082976198      -0.16455163982728482     
  0.15563116971374613        6.4456000773450511E-002  0.13702248540524412       0.15506775531508368       -7.1877208474604312E-002
  -6.8945461469250749E-002   9.2067623704202226E-002   7.7541739338631580E-002   9.5789676154329484E-002  0.10556718107503243     
 -0.10329031772180187       -2.7005644844048011E-002  0.17824400918955025       0.13640266251867467       -7.7982747010120323E-003
   2.0186056895612099E-003   9.1252199953583607E-002  -4.6190575926113260E-002  -6.8727060381302926E-002 -0.11574000488112533     
   5.3152204293451730E-002   1.6076396551340205E-003   6.8735896544079883E-002   1.4232370748929702E-002  0.13887652335765546     
  -6.8835751879127757E-002 -0.11134778588324687      -0.13283352111918625       -4.0416634950115292E-002  -8.2884575110823491E-003
  -4.3616569298855525E-002 -0.14824349786910454      -0.24935621543985939        5.1076520774618077E-003  0.10148424619910797     
 -0.15273146336257892       -5.5566650781680126E-002  -8.5882377975723428E-002   6.8363087743655987E-002 -0.10625878651272472     
  -4.5145488372814485E-002   3.2626020028305058E-002  0.11445276544709282        4.4406868652583323E-002   8.8378897085382976E-002
  0.16205089927865687      -0.15879109642521166       0.15690233405002516      -0.15207904744520342       0.12664550483123937     
   6.3360497146306441E-002  -5.3581728448376997E-002   2.7268566007875944E-002  -2.6860458212231944E-002   1.6175531510475964E-002
  -9.6633482280807440E-002 -0.12485001522360360       -7.6544335076181358E-002  -3.6745352047256805E-002  -4.5754027472900492E-002
  -2.4160009732185532E-003  -1.1072818525179098E-002  -1.2482666245984719E-002   2.1629321425872560E-003  -5.4493998909815412E-002  -1.2583353374998912E-002  -4.6577227092144277E-002  -1.1323644586182180E-002  -2.0700841196097986E-002   1.9855209632638923E-002  -2.3496345901931930E-002  -9.2769808866421735E-003  -2.6092570056752459E-002  -4.1384019033995842E-002  -2.6392108791909480E-002  -6.5489303497686391E-003
