          16           8           5           5
   6.4012242572280872E-002  -4.4626574365665132E-002  -2.2737355695890200E-002  -9.3897940534688265E-002  -7.2939560664423961E-002
  -7.2651868166541095E-002  -4.7958369564069771E-002   8.3504138797834263E-002  -2.9687736990390505E-002  -8.1241713442866140E-002
   2.5457071932927781E-002   9.5993599636372565E-002  -5.7867125946077187E-002  -3.2107891621684655E-002   7.1237659891568939E-002
  -9.4721628788312917E-002  -3.7183146051015303E-002   8.0531830194008364E-002   4.2867201411869879E-002   9.3341185398705645E-002
  -4.9238700814414831E-002  -5.6472453350556492E-002   9.5828901156911422E-002  -6.6292822318980829E-002  -2.0771032496376574E-002
  -7.0668798767519039E-002   4.9240022093515766E-002   8.0086633867784376E-002   1.2457111635817667E-002   3.6292864797108762E-002
  -9.1731521590559570E-002   1.6669532757399078E-002  -3.0132597068247273E-002  -4.8195743421937998E-002   7.7273880757616306E-002
   7.4346133444184434E-002  -5.3378186953882079E-002   5.5293543564899029E-003  -3.6629348211797155E-002   7.0384784679738629E-004
  -7.2964426384295886E-002  -6.9216792751358128E-002   3.5503905874688088E-002  -9.4232005375745428E-002  -5.9261635186076349E-002
  -8.5498571846255103E-002   7.8100605206800483E-002  -6.8465295586437767E-003   5.8305774781852379E-002   6.6168733333818688E-002
   4.2233107436351641E-002  -6.6082368162599464E-002   6.1417633835910326E-002  -9.0928723939047190E-002   1.3017740033883113E-002
   7.0670274544855664E-004   9.0891251535781523E-002   2.7748608073513818E-002  -2.4038751004762979E-002   7.9314314000378333E-002
   3.8935027533651065E-002   3.0064209462908418E-002  -6.5926514086498730E-002 -0.10107877449913447       -3.2901107175620885E-002
   7.9308553702263349E-002   2.4229240721558968E-002  -2.7247978377490309E-002  -2.7943942671230425E-002   1.2284811704426529E-002
   1.7764461883669439E-003   6.0312075457398751E-002   4.8365327573745773E-002  -3.9191798926913575E-003  -2.4552834117319882E-002
   4.7490448048300063E-002  -6.2366970944259158E-002   9.8323489381024032E-002  -8.7773063616643013E-003  -9.4333975042311419E-002
  -7.4740771048106572E-002  -7.0231466352692576E-002  -4.8301773865417119E-002  -8.1821877912888641E-002  -4.8498329795582343E-002
  -8.6434628454089127E-002   8.4999841932627464E-003  -5.9664833098743923E-002  -2.2277338774417683E-002  -6.2591010851353254E-003
   5.8892286905674114E-002   5.1705749863339277E-002  -4.1418395496995594E-002  -2.4280620453210359E-003  -8.4309449798826874E-002
   2.0771858686192027E-002  -3.3986973659893879E-002   9.7321009249136253E-002   5.0824449170779780E-002   9.1003239395391441E-002
   7.6031074366405896E-002   7.2235423210117930E-002   5.5874357000739137E-002   3.7055235569438051E-002  -7.8037470904498113E-002
   3.1710317358050348E-002   3.4003554057927841E-002   6.4130704294395213E-002   4.2156972981138886E-003   9.0433610773485024E-002
   5.8389592009550388E-004   8.4283577793022701E-002   2.8428970412092205E-002   8.6754474667860293E-002  -3.2345008615289945E-002
   3.3855026850817579E-002   7.9981727159827223E-003   1.1226611984719938E-002  -2.6842093907290275E-002  -7.2311294030573500E-002
   8.4687314736378666E-002  -6.5786907175360468E-002  -4.5330686149957659E-002   3.8787475621950868E-002   4.5917380437148587E-003
   2.2553782080761003E-002  -1.4444360023010201E-002   2.9673092946031401E-002   6.5453274487631802E-002  -5.9461614206248035E-002
   7.1473442107432575E-002  -3.4963870079141160E-002   4.5773247827478651E-002   2.1873368349180310E-002   9.1047120974077009E-002
  -4.8923864652146383E-002  -8.1776717435170343E-002   1.8288206937990326E-002  -3.2542239044295717E-003  -4.0754012981655575E-002
   4.7019977244949232E-002  -6.6646508922983919E-002   8.8036503608884889E-002   1.2801280030043488E-002  -4.6563009261616023E-002
  -3.8998137565705325E-002 -0.10029789550054007       -5.4505283451706771E-002  -1.2096898696503990E-002   8.5176865908630245E-002
   8.9823264191844603E-003  -7.1964405523428920E-002  -1.2020731630621111E-002  -8.7556868891554271E-002   5.6557473734053759E-002
   7.4756254420591028E-002   6.0674073209509481E-002   7.1863031928837504E-003  -4.8323925652353557E-002  -1.4759183271989183E-002
   7.6598492320057665E-002   3.6052627186543174E-002   8.5532100561852176E-002   5.2717012735157075E-002   4.0173465911028342E-002
  -2.8309632867845741E-002  -1.3976550386262261E-002  -1.0932317098902845E-002  -4.2648623800534705E-002  -9.3261502754789477E-002
   6.7119628374503401E-002  -7.8176672478157239E-002   4.7620703922950794E-003  -1.8975907621300969E-002   3.2884489801095887E-002
   2.0538488991981383E-002  -7.2498485749241906E-002   2.2721880292847570E-003  -1.1082345515477515E-002  -2.8392724981887380E-003
   1.3939252812209355E-003  -5.2398782956406646E-003  -2.7230227812001642E-002  -4.0383335927256493E-002   3.7229676670442004E-002
  -6.1382762515602415E-002  -9.7014597092328375E-002   6.7751516501390607E-002  -8.2106255871961673E-002   8.4832565182232561E-002
   3.6659767895483128E-002   6.4879413414201684E-002   8.8669876419615504E-002  -8.7861245553743902E-002   7.3571945428270724E-002
  -7.7159377126910247E-002  -6.4939032127031282E-002   8.6617705668523948E-002   2.6107709518749442E-002   5.0426570503262734E-002
  -4.6203567224239683E-002   1.5217139591515050E-002  -6.4129895356571834E-002   1.0693490746898569E-002   9.1931848369498900E-002
  -8.0244876875919927E-002  -1.7529956039929909E-002  -1.1183556988859669E-002   4.8066105773692518E-002   8.2346128922089881E-002
   7.5904282693600306E-003  -3.9700683669686175E-002  -3.8466819869903898E-002  -2.9813144247988289E-002  -6.8470753520925159E-002
   5.6512286090332313E-002  -8.0124784745438590E-002   5.3181072969259460E-002   2.9823024701259592E-002  -5.0247227273904085E-002
   1.9396083467128521E-002  -6.0423960137911542E-002   8.1153995175435506E-002  -2.2260820913012749E-002  -9.3903451014563266E-002
  -7.2746176002523241E-002   4.0674082178695524E-002   1.7273636081827116E-002   1.1928377878740043E-002   2.9594774364404022E-002
   9.0250577999811135E-002   5.4302867406418993E-002   2.9876078392776683E-002  -2.6850664589357993E-002   5.3441388953383101E-002
   8.4675662057177900E-002  -9.2209623991603082E-002   2.2211453075429530E-002  -7.6472666260578470E-002   8.1136872786647732E-002
  -5.7282441715812198E-002  -9.4248161063168273E-002  -9.1860841061789114E-002  -7.7342805371590093E-002   3.4684735145999755E-002
   8.2531788672323032E-003  -8.6991590676492148E-002  -3.4332724007240327E-003  -4.2033826363993623E-002  -3.7219492696781861E-002
  -8.2149650289586401E-002   7.8190844670005699E-002  -6.8139449356940773E-002  -1.5470139099723281E-002  -5.7419199400937218E-002
  -3.6096551016471870E-002  -9.6694151111250834E-002  -5.1352027688351037E-002  -3.4409123745965657E-002  -3.2659905141221461E-002
   5.8112430809435907E-002   2.4860141635741524E-002  -1.7005373617730656E-002  -3.5054377071857254E-002   1.1381823090018815E-002
   4.8735224516648780E-002  -4.6274317250568180E-002   7.2003757370875374E-002  -4.3257437537702968E-002  -9.1883220645363264E-002
  -8.2436129524429316E-002   3.8548717592978614E-002  -2.2600285331724975E-002   1.6818888479051327E-002  -8.9600222612835859E-002
   7.1708570585679587E-002   6.6793357758425827E-003   5.9751066636859040E-003  -9.5695752309404220E-002   4.1619281724778294E-002
   1.2616511026696316E-002  -4.2615804744645859E-002  -2.5913875519952622E-002  -3.9819790736378468E-003  -2.7757002863772896E-002
  -1.7185594132078059E-002   4.1932006098642734E-002   6.4553628139430830E-002   4.8640302068692777E-002   1.5214754922590742E-002
  -3.2849918085388376E-002  -4.6213877486552528E-002   2.2079450823787840E-002   7.0150761726027702E-002  -5.1075769654298962E-002
   8.0974012040534116E-002  -7.8362936109052928E-002  -9.0047640153101016E-002   5.8087189399736054E-002  -4.3183254142821981E-002
  -1.3296170221542399E-002  -9.3946238033634930E-002  -5.2739650182508098E-002   6.4654322108551945E-002   5.1756928910620323E-002
  -5.6206462361619608E-002   4.4914235679251673E-002  -2.2758428446288961E-002   7.9647427208562216E-002  -8.1123947956882547E-002
   5.8014687903665214E-002   2.0419094217909925E-002  -7.0020840061300299E-002   8.6973616977888121E-002  -9.8357652209789509E-002
   1.0193005058733270E-002   8.8899964331021666E-002   1.4971739204260457E-002  -5.5082877713699269E-002  -2.1726752031295980E-003
  -5.7995273534081286E-002  -6.8341144909407459E-002   9.9267121904063310E-002   2.1949737168569707E-002   5.4499738681967648E-002
   2.9540191284492315E-002  -5.3901336759547426E-002   4.8809518142697954E-002  -9.3377123471335921E-002   2.9655540945205720E-002
   3.1288796989070493E-002  -6.8658992314131667E-002  -7.3404438436648414E-003   6.9803698438739153E-002  -8.9208520188225171E-002
   7.2199450535711820E-002  -7.4865840750972597E-004   5.8376556103454380E-003  -2.0609800610805171E-002  -5.4044326927842092E-002
   8.9074012635168870E-002   7.7021986662052247E-002  -3.9976290125916907E-002  -1.5404162127800710E-002   9.0023131089825917E-002
  -2.9160895195011086E-002  -4.6597166806096020E-003  -3.3253202806359260E-002  -7.7405946514401469E-002   4.3867944820592773E-002
   3.9763379224990250E-002   7.0065118293272138E-002  -5.3156818039238170E-002   4.4624236568930539E-002   6.4822779088520313E-002
  -4.7457697196411387E-002  -2.2544456625125234E-002   6.8018846561319901E-002  -8.4965023527899974E-002   1.6643192319780171E-004
   7.2859708529044609E-002   7.3864183457646906E-002  -4.2864939044302379E-002   9.2005618040692308E-003  -1.3027791484441650E-002
  -6.3374990938185993E-002   7.4930630874579962E-002  -8.1909764135745702E-002  -5.9504640345148532E-002  -6.5424313833411976E-002
   5.9097044323251996E-002   5.7212162192625579E-002   3.7366576902974527E-002  -3.8472813616780552E-002  -4.6374213452689106E-002
   3.7190357705678571E-002   1.6887641537613119E-002  -8.0120897055909399E-002   7.1884677645328521E-002   9.1963450863593005E-002
   3.6109759229471447E-002  -7.1632936340886424E-002   5.5872094349262588E-002   6.5537595597362247E-002   5.6870617856850944E-003
  -6.6406522103314061E-002   1.3681481969294897E-002  -2.5281412492195749E-002  -7.8351339203392684E-002   5.4420279820115748E-002
  -5.5261195296339223E-002  -3.9709448238764683E-002   4.2734313623039720E-002   3.5668509780631415E-002   5.7634538235896052E-002
  -2.7825107565308663E-002  -5.4614790385880331E-002  -2.8976652520457415E-002   2.0565174082843724E-002   9.6999523303607865E-002
  -1.4653018722968350E-002  -8.8588736948913907E-002  -4.4272443832584468E-002  -7.5739596568787843E-002   7.0742314329983014E-002
   1.4905830184273532E-002   4.0551594566956881E-002  -2.9208479840301263E-003  -2.0515368544835695E-003   5.3253740020428812E-002
   8.2625165780292401E-002   2.6785790546697649E-002   8.9527911651452685E-002  -2.7776389365785178E-002   6.5759083471696039E-002
   5.6183125337985588E-004  -4.2919587175238583E-003   8.3496207903184336E-002   8.4905157735393685E-002  -5.6797348126933205E-002
  -6.5445417204249762E-002   2.7348281371408406E-002  -1.9441429233390699E-002   6.1775432810803272E-003   6.3458001218373070E-002
  -2.3841883186195994E-002   1.2798693843231538E-002   9.1935304218718455E-002   7.9519677341192335E-002   5.2421293382216169E-002
  -7.4569259338377991E-002   8.6404015071257431E-002  -5.8252625992350662E-002   6.0825169902333373E-002   5.1334155420735640E-002
  -4.9713033029484197E-003  -2.0689899098815964E-002   5.1945540879926887E-002  -9.8037251269396372E-002  -7.1794995822046237E-002
   2.4259568657084190E-003  -9.8758018514953777E-002   4.3026581162331587E-002  -4.3888548539384731E-002  -8.5715091503747787E-002
  -4.1321598734054325E-002  -3.5964022017518103E-002   5.5006189787080204E-002  -9.1718114377092763E-002   8.9657760114229532E-002
  -8.4936785001908890E-002  -5.4518235747129322E-002   1.2510954250531295E-002  -9.1726267271415030E-003  -5.5788598957913098E-002
   6.9737712806912142E-002   1.5594229323759907E-002   4.9848259860696770E-002   5.1799132056453659E-002  -1.9154291443300914E-002
   6.0274989038939630E-002  -8.0901240753185139E-002  -6.3560478616020516E-002  -1.7353186894947574E-002  -7.2160704813080637E-002
   9.4093339012127117E-002  -9.9770879088941222E-002   4.9399223586683250E-002  -8.1145262267390064E-002   9.5886452778179684E-002
  -1.1363114540701840E-002   6.3957939265069097E-002   7.7228226771610828E-002   1.5882337250516968E-002   8.5614755554257529E-002
   8.0419725941185724E-002  -8.7117180204233813E-002  -5.9146538890027037E-002   9.2343108442652810E-002   1.2053645936236463E-002
  -5.6932995663223324E-002  -4.2555517753557523E-002   2.0101465695347265E-002  -6.8375199276754020E-002  -9.1549273034004772E-002
   2.6510077729010702E-002   7.2185768109495299E-002   2.5359620428964828E-002   5.9858805800552667E-002  -9.3011832278251591E-002
  -9.6801262807384159E-003   7.9177408534539390E-002  -7.4553486711264938E-002  -6.4001804128641121E-002   1.3555443405655714E-003
  -5.8997006654259061E-002  -8.7434492889696361E-002   9.8073144251096478E-002   4.3616657977068422E-002  -4.0116496946204026E-002
   2.4535117064815225E-002   7.5368162852205739E-002  -8.1451273530948651E-002  -2.5876875723523513E-002   8.8380897924590612E-002
  -7.6290429184871805E-002  -4.0730749226283260E-002   8.8741219123725637E-002   1.8564898178358380E-002  -8.1894477425051751E-002
   9.0842713383789742E-002 -0.10044149567818672        8.6236043417452793E-002  -1.7582889776583045E-002  -6.5160719447498544E-002
   6.0265815811584779E-002  -2.2940885110559382E-002  -6.2893290800781487E-002   6.5769345500285153E-002   1.4026376078593828E-002
  -3.8371467245770070E-002  -1.9706210403408139E-002 -0.10009802821691435       -7.5410242195025318E-002   5.8134641735897254E-002
  -7.2199946489424377E-002   4.3146054214674746E-002   8.8520767788709348E-002  -3.4921263644188794E-002  -3.8687715862517257E-002
  -2.2463284253545969E-002  -1.4651299481585035E-002   1.2094070762664680E-002   6.7616459068018747E-002   8.5358492749167833E-002
   5.6331820468149163E-002  -9.7363221745546871E-003  -9.9012629511927228E-003  -2.2448636711001529E-002  -2.3012836805677957E-002
  -8.2889640576506732E-002  -5.9430259951690267E-002  -2.2487026840438414E-002   6.9052443021399817E-002   7.2050754883557444E-002
  -1.5578390017322294E-002  -8.6244203459447000E-002  -6.3066282789632999E-002   3.7023182087163966E-003   8.4596518261165043E-002
  -1.8448016319555758E-002   2.0380419393800826E-002   9.4763906559526809E-002   9.1292589498798593E-002   2.8757769405812240E-002
  -2.5585802971141873E-002  -5.5836409446914426E-002   9.3264949462329286E-002  -8.7349926575453485E-002   1.3314312585188092E-002
   1.1759610979552188E-002  -4.5489575325065121E-003   2.9950285504197226E-002   5.5513288714507454E-002   3.0774315188209771E-002
   5.4170683129467878E-002   9.2281125734230002E-002  -7.9843411151265753E-002  -1.3871570242396066E-002  -6.8409274027172284E-002
   3.5342609219657921E-002   3.6701095684226533E-002  -5.6169528234641823E-002   4.6711067300523514E-003  -1.5812002930137226E-002
   8.8170352486905038E-002  -4.1340131042987990E-002   1.2757333218701855E-003   7.7562184366248885E-002  -4.2079483417784549E-003
   2.8218361560268046E-003  -9.8097684916781169E-002  -5.4816679284803278E-002   6.8575941736262400E-002   8.5633987654717664E-002
   1.6643309947886618E-002  -9.5890721015782859E-002   5.4696027058152213E-002   7.6748997256109883E-002   5.0119287777437856E-002
  -3.0248572609487417E-002  -9.7011360759761717E-002   1.0249725275871823E-002  -8.8539694444852102E-002  -8.4951313560009498E-002
  -4.3785691614231959E-002  -9.0388326937439048E-002   5.1605467948436651E-002   7.6330449154357591E-002  -6.2291721789897218E-002
   2.0432234908111073E-002  -7.5442034308781547E-002  -7.6781924360068005E-002  -8.4670487364222599E-002  -2.9931350846790432E-002
   6.8160144001035725E-004   9.2071158292018451E-002  -2.9802424488850857E-002  -3.9824562285478475E-002  -8.3636913620962122E-002
   6.8037590461293707E-002  -4.8611414370771577E-003   7.8164867168532895E-002   7.4630602791449355E-002  -5.4806904735709670E-002
  -4.0451380568130302E-002   7.4235550925085048E-002  -3.1910059496375369E-002   3.8089769784313915E-002   1.9428630972049100E-002
  -2.4010268681678625E-002   9.6578542060479028E-002  -9.4686742493238607E-002   7.1811577819559505E-002  -1.7301349306123329E-002
   5.8595414583832654E-002  -8.7079024203242358E-002  -3.8132539996592094E-002  -7.0173969275829973E-002   2.5802422821244515E-002
   2.0052754429473329E-004   8.3531878791807540E-002  -9.9767636644869789E-002   6.5120267625841707E-002   4.9471827634615766E-002
 -0.10015362983984663        1.4808336315655224E-002  -9.6743009713652267E-002  -9.1521914161969115E-002   9.0343133130736025E-002
   2.7445356044162632E-002  -6.0865506392170317E-002   1.9449788200555897E-002  -7.0828361765946951E-002   2.3947115452207866E-002
   2.7240862354075933E-002  -1.1569840129972652E-002   1.5169001378561814E-002  -4.0405657187252489E-002  -5.0207202966259065E-002
  -8.6155312000541592E-002  -1.3899542802011602E-002  -5.0892265095899510E-002  -8.8312979215305593E-002   1.3050579774291991E-002
   2.2252664463533103E-002   9.7002790275854733E-002   8.3821453506234669E-002  -9.1328533694953667E-002  -4.4008513040395679E-002
  -3.2696654684098624E-002   5.0364627304485057E-002   5.3695061412194225E-002  -2.3217911251436216E-002   6.2826465419801816E-002
  -5.8035326275691274E-002   3.0414187985592370E-002   1.9964285460391175E-002  -1.7287956632453624E-002  -8.5464877804315702E-003
   6.8775240697729709E-002   7.0393157354160782E-002  -5.3938095728173964E-002  -4.7710077560495584E-002  -2.7853235922226764E-002
  -6.3359870617891112E-002  -7.5476599562685862E-002   6.6543840880894364E-002  -9.7266597093579488E-002   6.1753098061257998E-002
   1.3006302562990716E-002  -5.4092845248901126E-003   5.7387611468346846E-002  -9.5610068427655306E-002   1.7521511997011446E-002
   6.0112531174014099E-002  -8.6115854971911168E-002  -7.8124680240100788E-002  -4.7098677069437600E-002   6.5379237599970413E-002
  -6.9459174738551191E-002   2.8536000938010557E-002   9.2731474415208334E-002  -1.0848028913958181E-002  -2.9642262407851443E-002
  -8.4589240146605099E-002   2.1294897698547661E-002   5.6715313452289473E-002  -2.4993968678451222E-003   8.4381512631191466E-002
   1.0828276954490434E-002   8.2121161718593461E-002  -4.2783568420088992E-002  -5.2665563672369747E-003   7.9854748748511353E-002
  -9.1112883745748649E-002  -7.1127233084438496E-002  -9.1540315532077053E-003  -8.5825865467118290E-002  -8.3023165461995313E-002
   3.6904271344538150E-002  -5.5253401305073085E-002  -1.3413839742913221E-002   5.0077297745245934E-002  -9.6294669985772019E-002
  -5.6603107794286150E-002  -9.0533988558792466E-002  -3.4106403311543368E-002  -7.6785829259144081E-002  -1.4437477943866064E-002
   1.1624244089972181E-002  -6.9427003444349086E-002   9.7993821879590395E-003  -1.6457235568153667E-002  -7.9305387506737990E-002
  -9.3294482792432576E-002   3.6380336948872348E-002  -5.3142481246877801E-002  -7.7418532141122209E-002   6.7073043534655111E-002
   2.0791158711534342E-002   5.4968323472337266E-002  -6.3749238930551497E-002  -9.2785203132569952E-002   6.6771910069576404E-002
   4.2675284960568750E-002   1.6158632895337956E-002  -5.4052942227652626E-002   5.9847060752927561E-002  -2.1956730017630738E-002
   4.8881836731819624E-002  -2.4290222907473874E-002  -9.0483923329742103E-002  -3.8013386692104935E-003  -3.0602742927841368E-002
  -6.0029886358667801E-002  -1.7205529175142415E-002   4.6596082078696192E-002  -3.5865761226825110E-002  -4.8030195137486999E-002
  -7.9732244330942212E-003  -8.5009437348190942E-002   4.1761535532838387E-002   5.7686003385483464E-002  -1.5984475350629690E-002
  -9.0150338101246369E-002   5.9852257367996719E-003   2.6555605271678428E-003  -4.5241627135746407E-002   1.8270065362693634E-002
   3.8322903081589282E-002   4.4792069166027723E-002   7.2138833777544625E-002  -4.6316155110970599E-002   2.4928798318908693E-002
   6.3186002126721458E-002   5.5379842904632005E-003   7.3743485827262395E-002   5.4944523133748424E-002   9.0183923305026129E-002
   1.4604508646577630E-002   8.9808476634014991E-002  -4.4895883964633267E-002   8.1187643431243503E-002  -1.4448885709904951E-002
   4.4817533202569225E-002  -4.0922798171209925E-002  -4.9514794673725389E-002  -7.5460790462242550E-002   3.1458395972624148E-002
   9.6194497750524563E-002   7.6808028737375481E-002   3.1688139744285471E-002  -3.3132786181692984E-002  -5.0813505000024031E-002
  -7.3658656784582860E-002  -4.3757807964676904E-002  -6.0680050915068305E-002   1.5368703818330096E-002  -9.2440319884203159E-003
   3.2849039728124613E-002  -3.8121697765722287E-002   4.2285548898633833E-002  -9.5108326585714803E-002  -8.9578435610166138E-002
  -6.6831000883730743E-002   4.7624419739576249E-002   1.4562303007884202E-002   1.5058032660588552E-002   3.3455147553917292E-002
   2.9809561179435996E-002  -6.4354696101243489E-002  -9.7171913688557668E-002  -6.6711115973816196E-002   1.7504477855719305E-002
   5.9858965692931934E-002   6.9788820827097614E-002   4.8817355260581785E-002   2.8951611494816253E-002  -2.6580103314251719E-002
  -9.0814838665325748E-002   6.0466300871408564E-002   3.7428780644373452E-002   2.6395495387477375E-002  -9.2835376890312311E-003
   2.7906335976960153E-002  -3.9527481784011375E-003   7.9967663945559278E-002   5.9305510163044771E-002  -4.7798576960127376E-002
   6.2805053217709829E-004  -7.8779296928130391E-002  -5.0106425735151824E-002   4.0911762933765736E-002   1.6750149273956613E-002
   2.4849101661244172E-002  -9.6884932402430832E-002   8.2207120357926947E-002   7.7276850383594220E-002   5.5338107046563591E-002
   7.5609416992782697E-003   7.7078839571633209E-002   3.2384228472008468E-002   7.5070357334448570E-002  -6.9519371790398660E-002
   8.2865853348353100E-002   2.4204746604062619E-002  -6.7244350905093883E-002   2.6718501943787808E-003  -8.6505208591898058E-002
  -2.0375702598569655E-002  -9.9553159317044351E-002  -5.9035532179547691E-002  -3.3287540113175491E-003  -5.6344461760879320E-003
  -2.5193551862821548E-002  -3.1006770805906848E-003  -7.5649501581114262E-002   7.2678914281851794E-003  -5.5039230799637101E-002
  -6.7968180637349898E-002   1.1851981643508938E-002   3.2174985684254982E-002   7.7778259042657005E-002  -4.7972950748853341E-002
   3.9891102819474202E-002   2.0482152471381729E-002   4.1222329107063041E-002   7.8273676557308339E-002   1.9768431640860659E-002
   7.8506395494215730E-002   7.4458486517545455E-002   6.9001360044186291E-002   6.7953673558071762E-002   8.8320187237654779E-002
  -3.2903884596063035E-003  -9.6847420331601410E-003   7.6621019868634274E-002  -8.9131207720318600E-002  -8.8295938000573046E-002
  -4.1237928540917582E-002   3.7565836607817149E-002  -7.5698969112489439E-002  -7.5471008253455152E-002  -7.6758166830994831E-002
  -4.6072150868987791E-002   2.5695899100081271E-002   6.3663581558496440E-002   2.9292666335005806E-002  -3.3615035569562898E-002
   2.5980638470699445E-002  -8.1804505452532580E-003   3.4552973356473796E-002  -8.1354807812791030E-002   8.6821171007713763E-002
   2.8826407381023118E-002  -4.3570166007526119E-002  -5.4207897896691613E-003  -3.2636249254309357E-002   2.4601062524123293E-002
   3.2258048907536217E-002   5.0571384606317620E-003 -0.10003668698057305        4.9698833190386017E-002  -3.2479260897443013E-003
  -1.1346741060658236E-002  -2.6715791210375785E-002   1.3407153756672431E-003  -6.4500637297383548E-002  -7.4173054117477447E-002
   1.3476852709185371E-003   5.3374907713248652E-004  -4.7461247669580556E-002   3.0279384029018901E-002   5.4944206384231517E-002
  -7.3557829974444128E-002  -6.4278124763986297E-002   7.3739398135370102E-002  -5.4720972809866646E-002  -4.9726843665741970E-003
  -5.2763690909605108E-002  -5.7364896398790389E-004  -3.2549721062680850E-002  -8.0074160390383189E-002  -9.4544150741209698E-002
   5.6453221967736576E-002   2.9696056677906115E-002  -1.6101595372838545E-003  -1.4770349841775658E-002   9.6355530217158300E-002
  -4.7543725214927807E-002   2.5810785992953975E-002   5.6638172186287389E-002  -8.0991433873824667E-002   4.8475101203670622E-002
  -4.8772823665905213E-002   5.2471087072898083E-002  -9.4981878093104988E-003   7.7769077860963834E-002   4.5553848084448685E-002
  -9.2121020670829279E-002   7.5773003909075431E-002  -8.3692524944345703E-002   3.8749609639137740E-002   1.6808063613329576E-002
  -9.8159461758652991E-002  -7.9359711507248111E-003  -6.6325964262050827E-002   6.1436906380290882E-002   1.3043894168030843E-002
  -1.6815885974651640E-002   3.5188901085462707E-003   2.0528908228715125E-002  -2.8528643131423302E-002   5.7852751793892335E-002
   2.3942557176774536E-002  -2.9426366350391909E-002  -9.3396255347965751E-002   5.3599275817347546E-002  -4.5707584091658579E-002
   1.1601059626668910E-002  -7.9600998687273689E-002   4.3571676047029877E-003   1.4462383591217926E-002  -4.5239805907364358E-002
  -7.7761042004902817E-002  -4.7125554211951824E-002  -1.0812197415416929E-002  -4.9459645614694403E-002   4.5947669187999855E-002
  -6.7303819722613198E-003  -8.0998628742430676E-002   2.3308958627882116E-002   2.8864430631469793E-002  -4.2873950197986593E-002
   6.4243041728361192E-002  -5.3057671104929358E-002   6.9793786137451351E-003  -9.8705112605622716E-002  -1.8988328560433962E-002
   1.1229406681363435E-002  -5.2995478146411999E-002  -4.0337973645406255E-002   9.4529378080018586E-002   3.8162792634109821E-002
  -8.1113072936796204E-002  -4.2925646954165911E-002  -9.1935351764344003E-002   6.3212268534567725E-002  -1.9866857541396266E-002
  -8.7599151868217137E-002  -8.1946546473826473E-002  -4.9416615834814166E-002   2.5440080098331256E-003  -6.6400454093999042E-002
  -4.5635331109377994E-002   3.5467280196120207E-002  -1.4500117715096635E-002  -6.8914930646916950E-002  -5.8515727696496787E-002
   2.8680426246568164E-002  -9.9752788671491927E-002  -6.4635442419414707E-004   6.2142683299447714E-002   5.1387735153736340E-002
  -7.9234295474324395E-002   2.1435424779310135E-002  -4.9304419543149104E-002  -7.4197983060943926E-002   4.1556810003760179E-002
  -4.2356653639000201E-002   4.9181560388044269E-002   1.3254983739705198E-002   4.8876145838794662E-002  -8.6744326272342590E-002
   8.3915598585865697E-002   2.1911788295676460E-002   5.2722078405184003E-002   6.0841747604039362E-002  -5.1037879143342214E-002
   7.2020063651436414E-002  -8.7560235394015154E-002   7.7372474851563358E-002  -2.5635168295847114E-002  -5.2680335477874346E-002
  -8.3969358044301251E-002   4.9816722931614210E-002  -1.2652622952835091E-002  -2.2134065984955192E-002  -5.2341287053031336E-002
  -6.9696531951310495E-002   3.5409751199253062E-002   4.0466893990638832E-002  -3.4990742335567745E-002   1.0873271308709869E-002
  -3.2861974050337271E-002  -8.2302369361186602E-003  -8.5368401763623258E-002   5.0089077533405295E-002   6.9323557403709490E-002
   2.2185448203374560E-002   7.5052742391725644E-002  -6.8519203578764842E-002  -7.3531941759707023E-002   8.9563449852985019E-002
   1.8437989047748609E-002   8.2034584113306636E-002   2.9482776164049963E-002   5.3994287242592025E-002   7.4549767780647813E-002
  -1.5728596315684240E-002  -3.5297088509861851E-002   1.9160870802760915E-003  -7.1896255134121567E-002  -7.8736701242035051E-002
   9.4996241994748237E-002  -4.7023154932590211E-002  -7.4070858820159430E-002   3.7002087616017643E-002  -7.2518790016680712E-002
   5.5470121817623570E-002  -3.5755533857811067E-003  -1.6726566654576051E-002  -5.1487617696877284E-002  -9.8585623953321364E-002
   2.6839678352722593E-002   4.9046992940116066E-002   7.4672429181402711E-002   6.4694563577249994E-002   3.6611686417621171E-002
  -4.8287426484256039E-002  -9.9706602492333513E-002  -3.3372770566042126E-002   3.5237912712119852E-002  -7.9439482272535930E-002
  -8.8545960121469786E-002  -7.8321857713720133E-002  -7.7649506545825572E-002   2.8415403300919868E-002  -4.3686176066859046E-002
   6.0895955898707901E-002  -3.6975413580695220E-002  -6.7765294772924645E-002   1.7122170150563047E-002  -2.8539990901497716E-003
   5.4493118877646775E-002   9.1821878606242427E-002  -2.5821113785774012E-002  -7.6087054862161121E-002   4.1587707841143809E-002
  -5.8177100819163728E-004  -1.2569401471278881E-002   3.7862678381658854E-002   9.6453162804229192E-002  -5.3353758012100053E-003
   8.8314917307893245E-002   4.3039605120393530E-002   1.9779064774121190E-002   7.5406524261130881E-004   3.3196841495305031E-002
  -9.9684431879098062E-002  -3.3417239465220717E-002   4.6583748437185470E-002  -8.5043937485837787E-002   2.9154546698384749E-002
   3.0165737055937704E-002  -9.5269475788388888E-002   5.6003106895947084E-002   9.2514970851123673E-002   3.7348526628758878E-002
  -9.8170435338998691E-002  -3.0365603921280716E-002  -8.5334353554365402E-002  -3.5483178561648357E-002   6.1602733028697293E-003
  -6.3286892748076556E-002  -8.9749588171369965E-002  -9.1949642318584476E-002   5.2976432144022527E-002  -9.7386918840734582E-002
  -2.1889971232336901E-002   9.4721333853141271E-002  -3.4277030183290503E-003   4.9920779197281169E-002  -4.5899583563381724E-002
  -3.3632872057725353E-002  -6.7694814523628299E-002   3.8777610847939015E-002  -4.2109949354894184E-002   5.7460366160528291E-002
   5.8628133518968430E-002  -8.6408556465720238E-002   8.7252656500987846E-002  -2.8446783247166461E-002   8.6517023781166550E-003
   6.7317221978949987E-002  -4.4473856961140708E-002  -1.3228313532062178E-003   9.1778662519350129E-002   8.3768753793606824E-003
  -9.1688553753256311E-002   7.5178003846147368E-002   6.9589725374832476E-002   8.4175024017317329E-002  -9.9986561827952597E-002
  -5.7871970242106274E-002   3.3189266922054927E-002   9.7533848266721054E-002   5.4129231381191995E-002  -4.1390667779699582E-002
  -1.2815574445765358E-002  -4.6239861943335424E-003   4.8589725688554547E-002   5.1007032323642169E-002   7.2134542453400050E-002
  -3.2374523265705439E-002   7.2593548417496281E-002  -3.6759232021784993E-002  -9.2003230359190169E-002  -7.4634081818041098E-002
   3.2907852300233433E-003   5.0848309817244905E-002  -2.1607622518726149E-002   4.4120561915673408E-002   4.1999331289656418E-002
   3.4126041891301084E-002   8.7227821456958357E-003   5.1778330452916799E-002   8.1690034318604623E-002   8.7311681862891309E-004
  -5.0247039225066951E-002  -3.5811628289881367E-002  -4.6716800504727443E-002  -6.7578446157359265E-002  -8.4778780212965560E-002
  -3.5666826509318010E-002  -8.4348839076227228E-002  -9.4231234942217273E-002   5.9892958581464747E-002   9.4558800297311618E-002
  -3.1437459786722959E-002   7.9172058004854065E-002  -4.8396144693395489E-002  -2.5423464351158463E-002   5.5616370871754812E-002
  -8.4743085250959069E-002   4.6986194272208001E-002   5.7864385636910334E-002  -8.9718281418504228E-002  -1.4819061300348433E-002
   1.0244307008280950E-002   5.4535856336206084E-002  -6.7584484004808751E-002  -6.1760616412525865E-002  -3.0128672104969226E-002
  -7.6267630152665911E-002  -4.7647652186881334E-003   2.3008538978304436E-002   5.6047111384473929E-002  -4.6275305424815609E-002
   5.8855147882233262E-002  -2.5701464414211013E-002   4.9634227457946766E-004  -2.8099360169171098E-002   9.1248585627745959E-002
  -6.1034320089803348E-002   6.9426204490921600E-002   2.8315945690414457E-002  -5.0849501318144114E-002   7.3676938057317454E-002
  -3.4603760506076345E-002  -6.0845110406350066E-002  -7.6263169818284779E-002  -1.0683369715109119E-002   7.8860519652422287E-002
   5.6803768457851157E-002   7.3371368756433408E-002   4.3435818400859978E-002   5.4753434022116451E-002   1.7318798775517223E-002
  -5.2037317553841528E-002   1.9275451988902306E-002   2.5764309822159232E-002   3.2105931344123519E-002   4.2392800264025782E-002
   5.9829944862271729E-002   6.3305022199821245E-002   1.7846971951589026E-002  -9.9640172223942711E-002   5.4467793291164475E-002
  -1.0361544080379067E-002  -1.4117406773045722E-002  -9.7940417325173765E-002   7.6202167227432116E-002   4.6722341695392633E-002
   3.7643542278601248E-002   2.5797128193547764E-002   9.7059968695303450E-003   8.0722853757330029E-002   7.6921366197613597E-002
  -5.7398956204511943E-002   2.5493302772410086E-002   9.3226190255452770E-002   1.8582226609054963E-002   1.0213788005775770E-002
   4.4756360375992149E-002   8.6126886521346854E-002  -9.2861613463312578E-002  -9.1489649634886275E-002  -2.5363907190247316E-002
  -5.6819521886025327E-002  -3.9906602752646188E-002  -3.4403538815932874E-002  -7.2855131104745197E-003  -7.6711847635104691E-002
   2.4695130746536075E-002  -5.7750114337013159E-002  -8.1358247434524592E-002  -4.4885769693434045E-002  -7.3095719551173055E-002
   3.3552141877331736E-002  -1.3459513558667199E-002   8.5040455889974803E-002   2.8964867657215607E-002  -2.8297242364011030E-002
  -9.3216811035831459E-002   8.6998982846494016E-002   9.0897728895297764E-002  -5.5154290611693989E-002  -7.6254455002071841E-002
   1.6142292736504027E-002   2.2264472168991623E-002  -8.8755776007009818E-002  -3.2019162913058202E-002  -1.1520723625479366E-002
   9.1882329837107285E-003   2.9687988372044682E-002   4.6192745810660733E-002  -8.0634255713355502E-002   5.3938132695957189E-003
  -5.1967601993370572E-003   4.7904703860002076E-002  -9.5894605884437059E-002   6.9245433170311496E-002  -5.8081040489546029E-002
  -1.2274209162164694E-002   7.7006105779923256E-002  -9.7760531324803557E-002   3.6708713485448519E-003   4.9795812082650277E-002
   1.3671333971837464E-002   3.8474154728143840E-002  -2.5281749730159193E-002  -4.6940495386326553E-002  -2.1503284363797420E-002
   8.5796179441333817E-002   7.4270465157130969E-002  -1.3540927076862223E-002  -9.4656395394886919E-002   2.4576684055296122E-003
  -2.1271606353342642E-002  -9.0509579300883797E-002   2.7212116602647520E-002   7.1563056998333555E-002   2.5475665018223872E-002
  -8.3646036014392064E-002   1.5641310711046730E-002  -1.6096695198983539E-002  -4.3368482396371713E-002  -3.1890908924356795E-002
  -4.0101708028360147E-002   5.3988365397659374E-003   5.3836771607992072E-002   4.2207392565037569E-002  -6.5072494766467967E-002
  -2.1435192838802675E-002  -4.7676598262656925E-002   6.9488215300786374E-002  -3.2823554398812183E-002   1.5606702976647274E-002
   7.6165403330589590E-002   9.1274750767438139E-003   1.7313822021421257E-002   7.8723164415023819E-002  -1.9693105856322259E-002
  -6.4204350492934034E-002  -5.6154987541522192E-002  -3.7571793233072789E-002   9.3865423877052365E-002  -3.6131622416024176E-002
  -3.4611535365356161E-002   9.0515136877455049E-002   1.3639275627128011E-003   3.0127588893795323E-002   7.7892551899389637E-002
  -4.6021501620789503E-002   6.8110154286164903E-002   5.8746011996437524E-002  -8.8936626956259104E-002 -0.10059222175926077     
   1.2412328623350450E-002   2.4702954097096240E-002   2.1937417717375165E-005   6.5354119713567069E-002   4.8459974508557692E-002
  -9.7581303154019444E-003  -4.3207594795987882E-002  -7.7911940655573178E-002   6.3019012543683153E-002  -6.8194901718330869E-002
  -1.0572062860486554E-002  -3.2648509486482478E-002   6.2982838340922789E-002  -6.5807398330268205E-002  -5.4603148399764503E-002
  -3.7417323826715934E-002  -3.6047306544636303E-002  -1.1142231043211760E-002  -1.1393211704531869E-003  -7.1106006791125859E-002
  -1.4312654303854653E-003  -1.5187771739362759E-002  -3.5877561172372854E-002   6.1371417189111661E-002  -7.9147056714372027E-002
  -4.1226584454936606E-002  -9.0977961822341510E-002  -1.8178232001153372E-002   3.1015111196983154E-003   2.1110605337335939E-003
   6.9179139409366680E-002   8.7174007433906964E-002   6.2870053709971258E-002  -6.7501128501993468E-002  -5.9013214932722852E-002
  -1.6769389746706810E-002  -4.8684756690464376E-002   3.6605665622846645E-002  -9.3348792968389577E-002  -3.5835328330842679E-002
  -8.4272393234772647E-002   3.4066371832314540E-003  -3.7487796800055512E-002  -1.7498786350219314E-002   7.2733084565361261E-002
  -1.8775720218614809E-002  -5.7024406814156908E-002   7.9043223243290911E-002   1.4639704917875239E-002   3.1356674900532067E-002
  -1.3946748823845173E-002   2.0750532802791245E-002   8.7468262743673628E-002  -1.9634945660457852E-002   2.8213549571772151E-002
   7.2753852825143751E-004  -8.1537400221328604E-002  -6.4770834840979230E-002   7.3572465148914953E-002  -8.5781653397923083E-002
   1.0941529712933074E-002   8.6373939011321954E-002   8.4916011993126664E-002   1.4031472594418016E-003  -8.0463447545818675E-002
  -1.7109774020092477E-002   3.2438474404413067E-002  -8.0532762272421718E-002   5.2799638576794400E-003  -3.4664251981568035E-002
  -9.3025431814695095E-002   9.3608924475624203E-002  -8.4642542684853855E-002  -9.9948796656046862E-002   4.2792472116567760E-002
  -8.5941937621830347E-002  -9.4472428711661158E-002  -6.1807587914666284E-002  -1.1054432909564081E-002   7.2692040452139770E-002
   1.9041715423735853E-002  -6.1788785673377575E-002   5.4988183831536523E-002   7.8009299874289617E-002   7.2971524539968691E-002
  -5.8076268903637478E-002  -4.2726989833787671E-002   7.5058258799507352E-002  -4.5169984158676367E-002   1.1912230129577444E-002
  -8.7273849082543903E-002   4.4533343460384109E-002   1.2030243376639700E-002  -6.3753125000290678E-002  -5.0253648765192616E-002
   1.3627067694122889E-002   5.0299583773303236E-002   4.5267763458964570E-002  -7.5097184637829092E-002  -7.0137173247380072E-002
   1.9244971278492125E-002  -8.5848374098948816E-003   4.5918726237057075E-002   8.6711858654840962E-002   8.8728748471756533E-002
  -6.0620145528490536E-002   8.1536368605142795E-002  -6.3351600158950472E-002   6.5909013611857498E-002   2.5171411763670711E-002
   8.7372512957974140E-003  -3.0758048402002969E-002  -1.2211846056240355E-002  -4.9481026835141967E-002   2.3389931192040286E-002
  -1.5981381260067016E-003  -6.4928574593746985E-002   6.1015035148378693E-002  -3.3960712089608727E-002  -9.6676113615002723E-002
  -5.3332241745130543E-002  -6.6885707037422124E-002   1.0185525128192530E-003  -9.0792343094011199E-002   6.4424584999024495E-002
   9.1158661750116686E-003   9.1921374182787410E-002  -9.9500518001695723E-002   8.1883665437814834E-002   7.1567586370050687E-002
   1.9721747886930721E-002   2.1989433732696989E-002  -2.6620164994830615E-002   2.9873933044509665E-002  -5.2143352673400992E-002
  -2.2512852370003403E-002   7.7610305893679177E-002   8.4000216164184127E-002   1.1379251800618440E-002  -9.0272021398223989E-002
  -2.7312199329246924E-002  -7.7865177974102015E-002   5.5985255865114984E-002  -1.4420734200326475E-002  -7.7113652902822183E-002
  -6.9780196639091842E-004   5.6173269476953537E-002   5.5864578482185151E-002   6.4223660770196561E-002   3.8158986988012155E-003
  -7.0967503457132583E-002  -7.6441037935205139E-002   7.3872451856713400E-002   4.0069375180927284E-002   5.3076073831280934E-002
   3.0261081664163383E-002   7.6135232385343560E-002   4.3725986620258797E-002  -1.4077664409602116E-002   3.4551384856024983E-003
  -5.6322779075166120E-002   2.2180653410113743E-002  -2.1263597624972271E-002  -5.0749376428679008E-002   4.3967720141576587E-003
  -1.4069435288858021E-002   7.0321693330673216E-002  -1.8797975514945258E-002   7.2408443332643083E-002  -6.9471718954372264E-002
  -7.1819697818418543E-002   7.1929093076027781E-002   8.4900842519307268E-002   1.4284799404272261E-002  -3.5900847498834348E-003
   2.5180096685565100E-002  -2.4050361138273867E-002   8.3245852659943428E-002   4.7131778353610120E-002  -1.0424216098838875E-002
   2.5102906577025415E-002  -2.6611811812366978E-002   6.6160727914451156E-002  -4.2545595116710876E-002  -4.6775529386344064E-002
   7.2631782100668701E-002  -8.2359878168840911E-002   1.9716405045556443E-002   1.5016835967412920E-002  -5.9001599422869387E-002
  -5.4499027598705722E-002  -2.1137983813212927E-002   3.1718843650005372E-002   4.8708025751514110E-002  -8.5141747346937011E-002
  -2.3156579636622911E-002   2.4593558721723672E-002  -9.3928546947931069E-002   3.4143636580493117E-002  -5.4317124412394634E-002
  -2.6729658524948718E-003   6.6887335609407739E-002  -8.0348779470558102E-002  -4.1262872829349581E-002  -2.2119496769262552E-002
   5.7520065950029099E-002   9.6034918715826950E-002  -2.7661266347399877E-002  -9.7641258416410678E-002  -9.3602434622638564E-002
   6.9191314315068267E-002  -1.6051774937936313E-002  -3.1058048126854521E-002   5.2706985372458701E-002   7.8153865746310600E-002
  -8.9886238219986411E-002  -4.8523099619571117E-002  -4.6440767761580445E-002   3.9589978820555642E-002   8.5435951578595876E-002
   7.0508811368345326E-003  -1.2663143442144064E-002   7.0327859654895755E-002   5.8085866886609036E-002  -9.2687611775015180E-002
   1.4863233191775271E-002   7.8842625300228897E-003  -4.4511618079135423E-002   5.6010107747128342E-002  -7.9114633407704749E-003
   4.9336057525463444E-003  -2.4868123482775131E-002  -7.5466601672633887E-002   3.6852456678740014E-002  -9.1778506457854778E-002
   4.9524860750081875E-002  -3.5909781834500255E-002   9.1836425286781972E-002  -5.2426973480972500E-002  -4.1907205595751881E-002
   7.7994862832620887E-002   3.7668404677813135E-002  -2.3963039897708083E-002  -9.1985349225727944E-002  -1.2869904247411803E-002
   8.9534763433375703E-003   5.6347591502795898E-002  -6.6359430361056307E-002   2.4966675968565531E-002   2.4623141545468449E-002
  -6.2106181291946692E-002  -2.5627550635701594E-002  -9.0866782364187312E-002  -6.3233899326834833E-002   7.6623822905737618E-002
   4.9558032220358643E-002   6.2710547806765979E-002   6.7656260293709372E-002   2.4869021431262457E-003  -6.4682417415431778E-002
   5.8828818691974019E-003   1.1383737928887286E-002   6.7517595208016187E-002   8.2431774043622133E-002  -2.5658957932768872E-002
   1.6455967836491392E-002  -7.6909258491085902E-002   6.4609115036004708E-002   2.0955458980513611E-002  -8.2598583421934171E-002
   9.4372114294306170E-003   9.1893819795654377E-002  -9.6824590048785828E-003  -4.4398415058227857E-002   9.3427880334358199E-002
   3.0000389211991076E-002  -7.2877503781041103E-002  -7.0639647317224871E-002  -6.0527724961645719E-002  -7.2204398769413577E-002
   1.5149465849416198E-002   6.3335507693613985E-002   9.4858832960943912E-002  -8.6069812074615212E-002   4.3600636244519181E-002
  -3.6441667271604347E-002  -4.3809291992593820E-002  -5.2646203274404654E-002  -1.8794708201629432E-002  -9.2932667501231123E-002
  -9.1001019829037369E-002   5.1364731477530678E-002  -4.8840892855913677E-002   6.8218798980069037E-002  -3.0460241143173521E-002
  -3.1486657991802267E-002  -8.7738758780078835E-002  -5.5028043894476634E-003  -4.5932512072456431E-002   6.1265875309668372E-002
   7.8282284859934298E-002   4.8269970590415726E-002  -3.5515519098056114E-002  -3.4580256581220124E-002   8.8114403394767019E-002
   2.5257985261473392E-002   7.4910238724057429E-002   9.0685238573785326E-002   9.2077614092756652E-002  -3.4058410491487376E-002
  -4.0742651550783077E-002   7.9293713097905779E-003  -7.0577366724555640E-002  -7.2738159110557948E-002  -3.9455821471080559E-002
   7.3513101435845010E-002   3.0343816444162435E-002  -2.6589302617339876E-002  -5.8165024030771090E-002   8.1687136599820881E-002
  -5.4469501318067437E-002  -3.4379517390915634E-003   5.0504954288018961E-002  -1.0190522641345083E-002  -8.3349439045697249E-002
  -5.8383988724306515E-002   4.1352203526449707E-003  -7.2897339911428313E-002  -9.4138921048339444E-002  -5.3239533449623011E-002
   8.6398928763312580E-002  -2.8240656866047903E-002  -6.9100637505950177E-002   4.1442847645177354E-002  -3.3706332543873445E-002
  -8.4889485783741600E-002   5.0765736133780062E-002   7.9987721919803759E-002  -7.1436437515326051E-002   1.8610843413491375E-002
   4.7400975787226164E-002  -6.4640090236349632E-002  -1.1221191566022441E-002  -9.6512750298129363E-002   9.7493196482481281E-002
  -3.7871574323940033E-002  -3.4358504834677013E-002  -5.6108827424076219E-002  -6.3628557636385516E-002  -6.3851393904840958E-002
  -2.6405055914604247E-002   1.8501178321061868E-002  -4.3370281768400201E-002  -2.7804900933947625E-002  -7.1557809730107252E-002
   7.8421053759309637E-003  -7.1706397835027301E-003   8.0633297408857968E-002  -3.8967211214984164E-002  -9.0511092205496947E-003
   5.1040505456661743E-002   3.4795362646271866E-002  -6.0888059273120900E-003  -2.5953947156296758E-002  -2.7755971331319438E-002
  -3.4351175193658698E-002  -1.3642433935630903E-002   1.2934570099713001E-002   1.1181155572226178E-002  -8.0331654311204495E-002
   6.7549135555171960E-002   7.9696767653374259E-002   8.7618399548451669E-003   5.2895072423312470E-002  -2.3079764186992430E-003
  -5.1290870797445536E-002  -8.1237045022704346E-002   3.1351092620306123E-002  -6.2458395934340001E-002  -8.4847867099783258E-002
  -9.4790537907271918E-002   6.8363760335616322E-002  -3.0711104968098042E-002  -2.7147901507547138E-002  -7.8676423301184364E-002
   2.3014852366490274E-002  -8.1997382019523057E-002   3.0057180554223507E-002   7.0926249290971993E-002   1.7817935659124103E-002
   7.1335753018327078E-002   9.8222460577554543E-002  -1.8127683295294413E-002  -8.0115059511375000E-002  -4.4541082147447675E-002
  -6.1943950874885113E-003   7.5724594312079480E-002  -7.0482517809519002E-002  -8.7637506291389208E-002  -1.1326905694609330E-002
   2.1911173567339043E-002   5.8819699235588496E-002   7.0793040120916251E-002  -9.6705343285982629E-003   8.1607343864998655E-002
   4.4709384161700672E-002  -4.0671991341707528E-002  -5.3775864975020606E-002  -7.6506926701742042E-002   6.5974096585243239E-002
  -9.5443075100150931E-002   5.6914794908567601E-002   7.3474277562037518E-002   7.0811198954982089E-003  -4.6867209864102602E-002
  -6.7867180743667625E-003   9.4335551399661072E-002  -4.7364502807961610E-002   1.4332562475641044E-002   3.5068382593647744E-002
   8.0851559253376226E-002   6.7769760276369870E-002  -7.2125433474526837E-002   8.8339921246322756E-002  -3.7326057223773475E-002
   1.4824252716995220E-002   5.1669414574590324E-002   3.0208643829401065E-003  -1.8967205709313547E-003   1.7167991658095964E-002
  -9.6265114566581836E-002  -2.5597506983695745E-002   4.3019191163438150E-002  -7.8346377059497929E-002   5.8914098167063798E-002
  -3.9256253933932846E-002  -9.6344906579976131E-002  -1.8514502560245890E-002   8.7255396923670320E-002  -7.6944925900440553E-002
   4.4644598334944503E-002  -9.1467596516903879E-002   6.4934213226688969E-003  -4.3843156207265012E-003  -3.4489574625372700E-002
  -5.0341543564119129E-002   2.3891620755048557E-002   7.8520778083161866E-002  -2.5494563791569082E-002  -4.6394649083952945E-002
 -0.10007384352318111        4.9109100526108736E-002  -7.7645652030700146E-002   1.3467514810454910E-003   1.8610765930179171E-002
   5.6457493242789272E-002  -7.4866740614848576E-002  -6.5250968201832404E-002  -7.0800677151559979E-002   8.7822071180521391E-002
  -6.7784880296280631E-002   7.3215507541960989E-002   2.7850109803738247E-002   4.8372254989165010E-002  -1.0796950857705651E-002
   4.4844501956605290E-002   8.9734804220188188E-002   3.8723458093561085E-002  -8.1252464777829894E-002   1.9342303813438912E-002
   2.9482350984289231E-002   7.5894572470938781E-002   5.7244345606288424E-003  -2.8500631385056974E-002   4.5746944438305757E-002
  -8.4228325335886048E-002  -2.3146482947535678E-002  -1.5413067215473451E-002   3.3591985778331779E-002   4.9032176857170366E-002
  -5.9048492601832342E-002  -9.4636098253231452E-002  -2.2857148128078625E-002  -1.9054457690491414E-002   9.1228996543280219E-002
   4.5240659471951980E-002   5.4286767456240947E-002   6.8918901243172986E-002  -2.6814862555744539E-002   8.7247847406956319E-002
  -3.8201995514779021E-002  -9.4041691678837844E-002   7.7649041889163148E-002   1.5006838372510840E-002   9.5018139933598325E-002
  -5.3452507238520533E-002  -7.4742738511808376E-002  -2.4046375179044720E-004  -6.9967109017219822E-002  -8.8313242031199612E-002
  -1.0105577985985039E-002  -5.1270781702975762E-002   1.9604486248089411E-002   4.9492822155946534E-003   3.8083567611394212E-002
   1.6675687126561293E-003   2.8229316273460647E-002   2.8751161394048531E-002  -9.9739556576028024E-002   2.7080118265599550E-002
   8.1395528497470795E-003   9.1875332730019951E-002   2.5364547948327477E-002  -1.8424827669208967E-002  -7.5403960525932415E-002
   6.8229985527284376E-002   7.6575667174750585E-004   9.4620228859898167E-002  -1.5523683393358963E-002   6.2188903022154546E-002
  -9.2283224725871679E-002  -4.3938845866893034E-002  -7.1992323412232800E-002  -7.3450058333782639E-002   7.7186796620370188E-002
   4.8051057514288682E-002   9.7054271392871122E-002   3.3578107967095351E-002   2.3305195239929008E-002   1.1594885168565225E-002
  -7.4778107881487893E-002  -8.6699434819300591E-002  -8.5008178021012237E-002   3.6309343379502097E-002   8.0780284277697276E-002
   9.7445554076070653E-002  -2.5246256506582569E-002   8.4379551319981413E-002  -2.8941765848726396E-002   3.5585026986902003E-002
  -3.0844262169997496E-002  -4.1922237284463301E-002   7.4160042403239881E-002  -6.8226033593581856E-002  -4.4083107292175717E-002
  -4.8921858708872598E-002   1.1851992882693431E-003   6.2141523477239585E-002  -2.1706189247496396E-002   9.9103804913387022E-002
  -6.9817081096555655E-004   9.3318240835714508E-002  -9.7995653920752337E-002   9.0065891437510065E-002  -4.8310240335409919E-002
   2.7783873160522783E-002  -6.2763012158189593E-002  -7.2636454217213618E-003   1.5177946440251945E-002  -8.4275146922159108E-002
  -6.5551543486178449E-002  -2.5613631639719442E-002   3.4101118384219323E-002  -1.0843765577563714E-002  -5.5400975598299956E-002
  -7.5841853444215818E-002  -5.4490177222672929E-002  -9.3794438148635417E-002   5.3883041788375913E-002  -7.2404398109384691E-002
   2.3140143063301335E-002   7.8406971506849901E-002   2.4917182094237551E-002  -1.1986017388778639E-002  -4.3873617188901211E-002
   5.0189827934734380E-002  -4.0013420706060343E-002   9.2626322960808333E-002  -1.7558967934986781E-002  -2.0920240143083323E-002
   6.0751314673619328E-002   4.3330841685667636E-002   1.1792170488514130E-002   3.9991746950325174E-002  -6.6560051201633344E-002
   6.0992095050557055E-002   1.6005456668863422E-003  -9.3974298366186385E-002  -1.2398448291686064E-002  -2.3767407307112024E-002
  -8.8754175245093422E-002   4.8297105791482796E-002  -3.6736670396871403E-002  -9.0498594635076451E-002   1.1681527701983422E-002
   5.7505677762649240E-002   1.1571235506003185E-002   3.7302895412504984E-002  -9.8582620802163123E-003   8.8265470353198587E-003
  -9.7277912153565835E-002  -1.4404121742323250E-003   1.8506381674577070E-002   9.8478304041506454E-002  -9.0414256743279228E-002
  -2.4781410147596647E-002   1.7999082365094548E-002   4.1006938162896071E-002  -9.1127592817696765E-002   4.8078794435573190E-002
  -6.4611768130675137E-002   3.1487279644521450E-002  -2.1960617765816124E-003  -4.3218246564847511E-002   4.7119794129248070E-002
  -6.2612323529286515E-002   7.1281153638197620E-002   1.2118171451388571E-002  -1.8258063281861848E-002  -9.7392520277201702E-002
   6.6695729515439964E-002   1.1906378931590595E-002   5.9478626381884253E-002  -6.2630320597183986E-002  -8.1013825710956666E-002
   1.2980098236881740E-003   5.5916021596452092E-002   3.2784521952805790E-002   5.5028567085468050E-002  -6.5540753219430883E-002
   5.6842194561525408E-002   5.2293670499743074E-002  -2.1260570569630342E-002  -5.6324457608248682E-002  -6.9041683617024535E-002
  -7.6797033307274540E-002  -6.2663775892632029E-002   8.8703903602118522E-002  -5.1418604205349737E-002   3.7022577363396716E-002
   4.1675846806921739E-003  -6.0625784823164823E-002  -5.8679236102977893E-002   8.5184219324937888E-002  -3.1457056407202900E-002
   2.8626195046813300E-002  -8.6659790455620965E-003   1.0238550108399396E-002   2.6661717831858230E-002  -2.8072356378130599E-002
   2.8859692643212326E-002  -3.7080067697209389E-002   7.5733693684809103E-002   9.2758096930855252E-002  -8.6875009008254706E-002
  -9.5761486461100512E-002  -9.6716139561234385E-002  -3.8061037897321688E-002   8.7220867700468260E-002   9.2649162962692003E-002
   2.6761662137584314E-002  -8.0105762272673943E-003  -8.0805410603648278E-002  -1.9252668498043128E-002  -8.1935265217486189E-002
   8.2263969410298260E-002   3.6593155587334433E-002  -6.9914380134265985E-002   7.9162521426244303E-002  -7.8660616770867813E-003
   8.5216684333082604E-002   1.3549954332939089E-002   8.6524306602397835E-002  -7.0715176181631409E-002   5.5125960919099985E-002
  -8.0248911934275288E-002   6.5484254374850254E-002  -9.4042728285125804E-002   8.4139040556409320E-002  -3.1566910719498173E-002
  -4.0337388344367571E-002  -6.7461541740353098E-002  -7.5563671778531724E-002   3.9425541226125176E-002   5.0940928976045269E-002
  -2.7814243909472652E-002  -8.7739367526781201E-002  -1.2850466290825938E-002   4.2202706308735509E-002  -7.8054354472796239E-002
  -3.2899230676582840E-002   1.6910380392842993E-002  -3.4285687830650780E-002  -3.8199106999917083E-002   4.7787962014772666E-002
  -2.8963388080391259E-002   4.9369703486784461E-002  -2.2865208929134229E-002   1.0490796906575766E-002  -9.1949408908458014E-002
   9.4896263065588293E-002  -9.2194394905186675E-002   6.0090876624702673E-002   6.8628481313716030E-002   9.1283960888012786E-002
  -2.0040417295267603E-002   1.0635707266477265E-002   4.8025070916188108E-002   6.0379081879602815E-002   7.8815425797508415E-002
   1.7540100496204455E-002   1.2666679194698905E-002   6.0777094822081788E-002  -4.4052164401713813E-002   6.7435572514604566E-002
   6.5498483282340036E-002  -1.9595745450982239E-002  -6.8904919762183839E-002   1.9081829454267694E-002  -1.5942256882461477E-002
   4.8172535555935508E-002   4.9490111651342428E-002  -7.7508766858944783E-002   6.0586691779776367E-002   7.8550856069767486E-002
   7.3939155252603930E-002  -6.5488089259093066E-002   4.7738925413794667E-002  -1.7603169061206014E-002  -4.8550208630356306E-002
  -2.3101199774698346E-002  -5.2391378784905941E-002  -7.6992168027352162E-002   4.8932249081767076E-002   7.7110880127446060E-002
   4.9240472638039004E-002   3.5843263737300936E-002  -6.8009121691851721E-002   9.3328760664345811E-002   4.2241483492004565E-002
  -1.7813648747674094E-002   2.2347947418415223E-003  -3.7961086320999919E-002  -1.1064591516005610E-002   2.1699663994566493E-002
  -6.3643986116671172E-002   7.3532381269434302E-002   5.7598421261596637E-002  -7.7889772949284494E-002  -9.3915891552809633E-002
   2.8732819868856837E-002   8.9375789522122176E-002  -3.3446879709132613E-002  -1.7401280923741630E-002   1.6036505409216945E-002
  -1.7961332204206711E-002   2.6568310064216911E-002   2.1765640360832294E-002  -3.8329923975029198E-002  -6.6836655318500996E-003
  -4.7529861778181644E-002  -1.7166527124746749E-002   2.7735064405705216E-002  -8.5048895782955977E-002  -1.1134802185411281E-002
  -1.5005829856244279E-002   4.5276990280228399E-002  -1.4215379058262572E-002  -5.5248568083448676E-002  -5.8968583378943562E-002
  -2.9136057369170867E-002  -5.6999732074394738E-002   6.9827303799013390E-002  -5.2316563885776851E-002   7.4661959150071344E-002
   9.9067366514822119E-002  -2.1001657932915294E-002   3.8378383302304253E-002   2.1036469570267734E-002  -8.0649779413189390E-002
   3.8060493806386180E-003  -1.3936427365055026E-002  -5.1273012624145999E-002  -9.2496568061300355E-002  -9.1542665385244443E-002
   3.5508405779673742E-002  -6.5423136429613088E-002   3.2021377616437828E-002   2.5737315895448774E-002   2.3933449250739248E-002
   1.1643744364085508E-002 -0.10067154172737812        4.7757056158406710E-002   1.3041381430539019E-002   9.8555939700480710E-002
   9.5724159378897097E-002  -7.0802036072056221E-002   5.4886807626293332E-002   4.6305063777364021E-002  -2.8360935621255592E-002
   9.6633259866546570E-002  -7.0650477216860436E-002   6.3238911719227242E-002  -4.2700495741822700E-003   7.1497982417715975E-002
  -4.6737863220572953E-002  -7.5765222271961270E-003   1.9733171619933168E-002  -7.4540253557530259E-002  -5.2789113136507268E-003
  -7.1878926738301860E-002   2.2123410419163436E-002   8.3872710166725400E-002  -7.2915727837680508E-002   8.8709920714791876E-002
   4.6650868387220157E-002   2.0640760756165243E-002   5.2856517301606926E-002   1.0818787640180821E-002  -6.3889245893530608E-002
  -9.3398022416631171E-002  -7.5795944040240676E-002  -8.7053833732354230E-002  -9.8122025476383753E-002  -3.0264796715490032E-002
 -0.10059265296916160       -9.1286181489512452E-003   4.9891785743935872E-002  -1.0247177925263846E-002   1.1699851508949770E-002
   7.7903647334939943E-002   2.4035895483420073E-002   5.8404713262371517E-002  -2.9513984349090031E-002  -9.9332499628514495E-002
   1.0298968824590990E-003   4.2890932247502449E-002   6.0936302250709923E-002  -7.3779577933545462E-002  -4.0406201683359587E-002
   3.7802936840771878E-002  -4.2205545861836974E-002   2.8607169282076267E-002   6.3924102095387292E-002  -8.9621943824217079E-002
   6.7957969655598055E-002   5.5727865097245081E-002  -2.3446896979127923E-002  -4.3561299967169460E-002   9.8031383233473449E-003
  -5.7603745307041328E-002  -6.1463987524642258E-002  -5.7321146668029933E-002  -7.9440135007650958E-003   4.0339856938423513E-002
  -9.1794264537627887E-002   6.4229840741310232E-002   3.7638678433974421E-002  -5.7734486307595756E-002  -8.2121378635925016E-002
  -7.0189236822608692E-002   3.2914022178874174E-002   6.8277974800931146E-002   3.6961691836581684E-002   8.8956590802002092E-002
   4.0438133002187925E-002   4.1691234527573368E-002   3.4664624443285760E-002  -8.1376069595282874E-002  -1.3961973265081104E-002
   8.5629138599231991E-002  -5.2024726365118144E-002   3.1559694128683681E-002  -8.5296951539215196E-002   6.7157858250761177E-002
   7.5101340630519481E-003  -3.0654110170913955E-002  -7.1278710485295248E-004  -7.2504263487203138E-002   6.6847645115888227E-002
   9.4684464351524750E-002  -4.3876410774840190E-002   9.0519648257432417E-002  -3.8740161441952178E-002  -7.9689216383895964E-002
  -5.6313188311004660E-002  -8.9963814034475842E-002   5.7946055104009041E-002   9.1830550794209667E-002  -6.8112481806877220E-002
   1.0036838763072008E-002  -3.8104656400130339E-002  -2.9724856599535821E-002  -3.8594052614578947E-002  -9.6840825778638090E-002
  -2.3087969970642365E-002   6.5233632894430557E-002  -5.0351235364175337E-002   7.5093256883185314E-002   5.5973024613424710E-002
  -3.2459427429710724E-002  -1.5646172744858237E-002   1.2164464333137465E-002  -3.8116784262200278E-003   6.4566296125515635E-002
  -5.4595362025949251E-002  -9.7824726502883666E-002  -6.8168960334558326E-002  -9.9224712891419167E-002   1.3200632226430123E-002
  -8.7509803976368247E-002   6.8819597640146432E-002  -3.0238901617150364E-002   3.1093977439836059E-003   4.1706234277795566E-002
  -4.2156958576581610E-002  -1.6228667914243294E-003   3.5611440052627986E-002  -5.9944909577725374E-003  -2.4171126305819204E-002
   3.8421271235568773E-002  -2.0249540291029183E-002   1.1363782199644141E-002  -3.4496922518013395E-002  -8.9934214422684386E-002
  -4.5799671431275564E-002  -6.4779939373079465E-002   8.5972085977586168E-002  -1.6006438989567530E-002   7.7260283137644187E-002
   5.4699128348095899E-002  -3.8174452715030290E-002   8.5922421746598143E-002   1.4082465693737346E-002   9.6906471702211894E-002
   6.7670044200025967E-002  -1.7966104076176569E-002   7.3668627063525935E-002  -3.4119242657582032E-002   7.6109333240482496E-002
   2.6688968838028203E-002   4.9627450356098918E-002   5.1089591699232863E-002  -5.9041256413551050E-003   6.0836959034881968E-002
  -1.6624312731316638E-002   7.1400183533857534E-002  -2.7632590150072259E-002  -4.4214351875184375E-002   4.5078795237751774E-002
  -6.7060177527561021E-002   6.1341937905170736E-002   8.4259862910030681E-002  -4.5285905066141573E-002  -2.0196330405250772E-002
   2.6184945176332030E-002  -5.6386349193611927E-002  -6.6042478392400244E-003   1.0712172988196194E-002  -3.6261599507435701E-003
  -2.6511056225695120E-003  -8.8855954048100386E-002  -1.5112375478661103E-002  -9.0988081840034082E-002   2.1472819735640074E-002
   2.8483897604859209E-002  -8.3987338588825372E-002   2.9499899304556987E-002   7.6299587018129047E-003   1.0293496786357851E-002
  -6.1933300052166330E-002  -4.1646372509917706E-002  -7.6887836084135214E-002   6.5791128184809311E-002  -3.6869736340399618E-002
  -7.0251428005787082E-003  -8.6418306941704742E-003  -7.2926457917284790E-002   1.9214293685066788E-002   6.9803695613964697E-002
   1.9536888932030969E-003  -1.1842548848781899E-002  -1.4763853772886170E-002  -4.0033108739935291E-002  -2.7753213750676912E-002
  -1.7381730893762690E-002   3.2938241460288677E-003   5.8176695304663163E-002  -9.1067686472550459E-003   9.3801067758062184E-002
   6.1745471627252919E-002  -2.7958518547369263E-002  -3.6135936432304470E-002  -5.0058419350854352E-002  -4.2508292153964913E-002
  -8.7472259553378479E-003   2.7358709342004309E-002  -8.1415575339811974E-002   2.2426444013658241E-002   5.4160171766859548E-002
  -2.1648016598441381E-003   3.4689075297046845E-002  -1.0509247845830183E-002   2.8354466935469544E-003   3.9748589748419660E-002
  -3.4988619159562626E-002  -2.0715443671524218E-002   3.2930244501513876E-002  -8.5688855879193393E-002   5.6825004299926075E-002
  -3.8462083860163518E-002   3.8452811654736387E-002   8.6752057197625507E-002   3.0669955432523245E-002  -6.9465257157473828E-002
   6.9536475202690004E-002  -5.1997583193066056E-002   1.1843849603730068E-002  -4.2399935693256077E-002   2.0378549900305923E-002
  -8.1543398887976484E-003  -9.1607975726202537E-002  -4.1421778211279021E-002  -5.9895723881290962E-002   6.6480859483151897E-002
  -7.7169048761497661E-002   4.6599433952962802E-002   1.6247739940552026E-002  -1.9563469288148675E-002   9.8160877220956760E-003
   7.8718048548344646E-002  -1.1284413380742580E-002   4.2052957454093702E-002  -6.8636338914526071E-002   4.4491588685393310E-002
   6.5857319786065752E-002   4.0683899949796522E-002  -6.8430466142063662E-002  -4.4293698860502245E-002   8.2973282080374328E-002
  -3.6287975863511929E-002   4.9783803216875824E-002  -4.9052274227264402E-002  -1.8829932153399703E-002   2.2670288372661312E-002
  -5.5209073406306732E-003   5.9376032631422854E-002  -9.0286484442653442E-002  -3.2962045470393844E-002   8.6840149741962330E-002
   9.3539205269048034E-002   5.4044705112889044E-002   8.9962425241731425E-002   5.0767895316410537E-002   6.7421845668991842E-002
   8.7030387199375850E-002  -8.6305780631648357E-002   2.2086372573090554E-002  -5.7897159773826402E-002   2.7340753723083266E-002
   9.1962832122049601E-002   2.2900182036611108E-002  -8.4726822292407848E-003  -7.8263621431239327E-002   5.2940120046152681E-003
  -8.1731888028228478E-002   7.3349915872909316E-002  -9.1761579574867080E-002   8.4942289663081635E-002 -0.10054788234643663     
  -7.0943083308325564E-002  -5.5804311007509606E-002   4.2372448259429589E-002   2.3453636003962126E-002   7.1770493814794029E-002
  -1.9489643633329119E-002  -4.9532171793649521E-002   3.9950328817749833E-002   1.5899010989961992E-002   8.7764287240263181E-002
  -2.5622830497659042E-002   1.1469738111619199E-003   6.9669685788351587E-002  -8.6412040740060730E-004   3.9187517890065783E-002
   4.0961257985386003E-002   6.7815773502056614E-002   1.6088979586245913E-002   6.0297819790578251E-002   1.3494682931516728E-002
   3.1337862063115537E-003  -1.1949941661289421E-002   8.9257921352693517E-002  -4.3472681991778318E-002   5.3325047237326596E-002
   9.0361622916205378E-002   3.3273277895540944E-002   8.8713232178688192E-002  -3.2014310197845931E-002   8.3323424879404778E-002
   9.6929268304398186E-002   5.3940669751324395E-002  -3.3761769524860936E-002  -3.0721645507710605E-002   6.8671093137976383E-002
   3.6958099880176128E-002   3.1142662571385007E-002  -3.0757969134791223E-002   7.1128803832223282E-003  -7.4054333367619629E-002
   2.2473179787592595E-002  -3.2317918901489093E-002  -9.4696453998402250E-002  -6.0970148419595457E-002  -5.9927107151440083E-002
   4.3193670230806521E-003  -3.0787063835483477E-002   1.8760324941932179E-003  -5.4779761812701069E-002  -6.5495278761279752E-002
   6.3439881782148128E-002   6.9239575353543539E-002  -3.4001552709316519E-003   3.4749083394810205E-002   8.9025857692217499E-003
  -7.2778726582285666E-002   8.1837907000276058E-002  -4.4335912058882695E-002  -1.0173669038078724E-002   8.6823100795527380E-002
  -2.8825285688471810E-002   3.5579302992634357E-002 -0.10100928601334591        2.2414837116817278E-002  -7.0626084600606417E-002
  -3.9143987054530413E-002  -2.2661003020229366E-002 -0.10008846978104503       -2.7702046305179358E-002   4.5749474596083542E-002
  -2.3308897668820633E-002   6.9337513073798568E-002   2.4809474403426523E-002  -5.8445639497975606E-002   5.0512805258313656E-002
   2.1246720618522060E-002   2.0801775405680130E-002  -8.8179161826841740E-002   6.7805388920222379E-002  -6.1048599371173372E-002
   9.7978944005943352E-003  -9.3631486200607988E-002   3.0171606367559525E-002   6.1488775232291751E-002  -2.8598282487773512E-002
  -4.7428483214787404E-002   5.1446429942059342E-002   2.5782388739974248E-002  -7.6601895660378061E-002   6.0492102711075670E-002
  -8.5297386270312081E-002  -8.4415193486455209E-002  -3.8059420511208142E-002   8.7266339055003833E-002   3.9269790183024081E-002
   2.1904195829339800E-002  -4.9538313747548773E-002  -5.5606066050068174E-002  -9.1868323996489351E-002   6.6406004387003004E-002
  -3.2629349686717296E-002   8.5958897570911741E-002   2.7323237817885189E-003  -6.7197644021125533E-002   2.7153725972844278E-003
  -1.2639321552794375E-002   3.5187551762867031E-002  -4.0812510709178247E-002  -7.1063557765154483E-003   1.9304929832774206E-002
  -3.8748835107236777E-002  -5.9235570150866869E-002  -3.5587295679292627E-002  -9.3601399036141730E-002  -6.0932274637993791E-002
   2.5054102449225020E-002   7.5830094029323239E-002  -1.7286183325347867E-002   4.1021804891373581E-002   6.2106334947891917E-002
  -6.8016391184772373E-002  -2.5524506260029670E-002   8.8554313551435046E-002   3.6719555422881779E-002  -4.4660818793811575E-003
   2.0494291662776238E-002   7.6170727622609895E-003  -5.0289328430744622E-002  -3.1665934991751805E-002  -4.4081260369292601E-002
   9.2607524416448497E-002  -9.7286442856423835E-002   7.8004124803700836E-002   2.1145819731621912E-002  -9.3411952679781744E-003
   3.0883726746248542E-002   5.3187825623510716E-002  -4.8135019633737761E-003   4.3544166860376037E-002   4.5388007710839937E-002
   4.1979252378705291E-002   8.6024768784997971E-002   3.9789947606715524E-002   9.3826980564520046E-003   3.8017556695695842E-002
   5.5289565261987826E-002  -2.2936145164359278E-002  -7.7569029122467492E-002  -9.7282500399285876E-002  -2.9897079202497383E-003
   9.4844207551992160E-002   8.5953918139094532E-002   2.3056242745331315E-002   7.3472580622339599E-003  -3.0908487506068796E-002
  -9.9379480053433597E-003  -1.9325178802526669E-002  -2.9166302652939874E-002   5.8644799758788432E-002  -1.9238566102802574E-002
   1.3024540418919124E-002   2.3141368773821131E-002  -1.5999619808122197E-002   1.8459869367529482E-003  -6.2180313041487627E-002
  -6.0569427408148600E-002  -2.6407904010534843E-002   9.2611928540439939E-002  -3.4939528595800184E-002  -7.9303745719917877E-003
  -9.2394155138670844E-002  -6.2031626960481465E-002   4.6188836940565352E-002   5.4950071194114700E-003   9.0992531251592443E-002
   5.3808483290353433E-002   5.2676515148372662E-002  -6.0089907579978612E-003   4.0036589444866740E-003   3.4573836168083759E-002
  -4.9976701000566573E-002   4.7019917262943939E-002  -7.1480295519781814E-002   3.4616564574055673E-002   3.4529030778313062E-002
   3.1034908710878321E-002  -4.6688215277153791E-002   3.6770057889489211E-003  -8.3247694556271498E-002   3.1648896975046484E-002
  -1.5399321241113728E-002   8.6027466393277657E-002   2.7381943173285263E-002   6.3086436774825075E-002  -7.0192037082856915E-002
  -9.9156588676380497E-002   1.1749952678448134E-002  -6.5784451981718478E-002  -6.0845726115615270E-003   4.0918157759625033E-002
   8.8664535735055311E-002   8.5041156243225423E-004  -2.0610430540157161E-002   1.5490615475606123E-002  -8.6455333683305449E-002
  -7.8660140089848340E-002   4.3612042341984368E-002   9.6274521268872593E-003  -8.7135147998773768E-002  -3.6671533726030152E-002
  -4.2227329528837475E-002  -1.2433573210188162E-002   6.8403458188520172E-002  -9.5528180651261452E-002  -2.5304974210362981E-002
  -1.9420359296616573E-002   2.5498559630112529E-002  -5.9793174515404147E-002  -4.3462320124569694E-002   6.6445587887211957E-002
  -6.3813384481292337E-003   6.0147258048499921E-002   6.5345627879698526E-002   6.4641825692938290E-002  -8.7509625705518290E-003
   8.2650601553479974E-002  -6.5029014086415773E-003  -1.7738957520746345E-002   8.2745161739497572E-002   4.9552037633483370E-002
   5.6973622455558787E-002  -2.7723862413668844E-002  -5.3002033707146325E-002   1.9141199334413720E-002  -1.3264147237748996E-002
   8.7246416417505676E-002   4.6971151879407563E-002   6.5549957618567051E-002   8.6398244352257944E-002   5.8258656168605330E-002
  -4.9645664707764485E-002  -2.0476750038262822E-002   3.4108573002849529E-002  -2.1757741530688161E-002   8.9971455094962891E-002
  -7.8585386194103338E-002   3.7675604152956836E-002  -7.2023143192880106E-003   2.0145031325694278E-002   1.5213276275630938E-003
  -6.5555617937715629E-003  -8.3881743468176589E-002  -9.8543329818243805E-002   5.9835468415391314E-002   9.6089955744548552E-002
  -8.6499121734949599E-002   1.1352836193983272E-002   9.8490336928171746E-002  -4.8096523100651267E-002  -5.4988405005028732E-002
   4.8151476388680253E-002  -3.5866824616718918E-002   5.3444162772626681E-002   7.1977823025123469E-002   6.1862012603648757E-002
   7.7370185228324104E-002   7.0486827506411512E-002  -6.9213774805359091E-002  -6.9770781413608526E-002  -9.0902487337038040E-002
  -2.3746085036610687E-002   4.0624550082840230E-002   2.2320659101688072E-003  -7.0233456359909850E-003   2.3259932591620430E-002
   1.8117117709036356E-002  -1.8730229162480704E-002  -2.7097660194605629E-002  -3.5374016319600812E-002   4.4469769210149945E-002
  -5.9729175218742596E-002   4.0311922546659461E-002  -4.1562337270177906E-002  -2.6251327401036272E-002  -5.0758255672076341E-002
   3.6530511868334259E-003  -3.9949034461306467E-002   6.0449672160581017E-002   4.9976314741596861E-002  -3.6647259053924179E-002
  -3.0067161557236582E-002   9.7266010745625769E-002   9.4420217227619341E-002   4.8433923617261336E-002   2.2971668491413050E-002
   8.4542533260065000E-002  -2.8947677042768793E-002  -3.5667401086817978E-002  -1.7410893072070444E-002 -0.10042759146418834     
   8.3365981346212020E-003   7.1047626449435214E-002  -2.2397849244625238E-002   2.5946876340792593E-002   2.0047971406504321E-002
   4.2868444401957903E-002   3.1131682345107672E-002  -5.2593513436957666E-002  -5.7319831123671741E-002   2.4702077460207809E-002
   4.5129834264284248E-002   6.1436604989750926E-002  -5.9240884273505476E-002  -4.5782823906499875E-002  -5.3614654070934312E-003
   4.7270989886001192E-003  -3.5399150745048187E-002   3.0513921772982785E-002   5.7556916475293554E-002  -7.8855878513841446E-002
   3.9650881768745878E-002   6.0106529787924363E-002  -7.9831448841603675E-002  -4.3350595235723682E-002   1.2574758484090216E-002
  -3.2042029529618994E-002  -7.2064821475561879E-003  -3.8645353738353212E-002  -5.4005399632686767E-002  -9.5737163440591286E-002
   5.2724094314970889E-002   7.0530094120203723E-002   8.9221682605618441E-002  -2.6676456775148280E-002   6.0959429338400317E-002
  -3.1043809214065857E-002  -8.8467744713128418E-002  -6.3849404595773304E-002  -5.8332884976174497E-002  -2.8272804683128136E-002
  -4.3713503991247821E-002   2.3941394360427828E-002  -1.6947879500150417E-002  -5.7097838507125513E-002   5.0988769909574690E-002
   5.9447998127876066E-002  -4.7531355479796845E-002   6.6443763287795013E-002  -3.5677268585519041E-002  -3.0714553909577051E-002
   2.6356182723844181E-002  -3.9231218322488645E-002   5.3637124252327001E-002  -1.9419676357444796E-002  -9.1018150879373025E-002
  -4.8793660253687809E-002  -1.6246086480226355E-002  -4.3093175687087801E-002   2.3480724271258309E-002  -4.8724999561235799E-002
  -5.1999380215361199E-002  -3.2727836930413140E-003  -8.8944921183339326E-002   8.4212682746634529E-002   8.9023706965841221E-002
   1.0970896007911884E-002  -4.6820368621003396E-002  -6.0029966274378751E-003   2.4957694322599117E-002   1.0172756624288218E-002
  -2.6579476837713781E-002   1.5740057708370690E-002   4.8618942163382438E-002  -2.0110658680842466E-002   6.1111080889483922E-002
   4.8332622414320785E-002   3.2644992263574750E-002  -7.4056948966347069E-002   4.5492714624445686E-002   5.2545056535542832E-002
   5.3744423751734549E-002  -3.8116204033714629E-002   5.9644539649764169E-002  -6.4868692452429239E-002  -1.0050878785110275E-002
  -4.9083014603236871E-002   1.4362004336167357E-002   2.6186934249192696E-002   3.3537832193363773E-002   8.3183610556822260E-003
  -8.5337673652326029E-002  -3.8199805323269685E-002   6.0748370533261896E-002  -5.2419455824122475E-002  -4.3163296967748045E-002
  -9.5878038918227548E-002  -1.1365317855595872E-002   8.4280400467323741E-002  -8.4007734810616255E-002   4.5122914957556416E-002
  -2.6964252760810471E-002  -7.2741610313406422E-003  -9.9534236321851849E-002  -9.9837315926188976E-003  -3.5489528319089460E-003
  -1.5882837208345477E-002  -2.7074120699445120E-002  -3.5681430294685609E-002   5.1842229516621922E-003   9.7109164549752214E-002
   3.3393836599146291E-002   6.0867795244473763E-002   2.3164417423327879E-002  -8.5089047213566887E-002  -5.4257229400373631E-003
  -1.8843225073449689E-002  -8.5888857746176911E-002  -2.5420542353355235E-002   7.1194541015158319E-002   5.5270774103524996E-002
  -4.6553681372442313E-002  -2.7795044209892324E-002   4.8179402115001220E-002  -9.0738573753411572E-002  -5.8484541403257394E-002
   1.6554280320792241E-002   7.3584874242811807E-002   1.8799434170960253E-002   8.5502905463886017E-002  -9.5306241065705566E-002
  -5.0247143209177961E-002  -1.9487853794970020E-002  -2.2769549091993930E-002   4.9382016341588215E-003  -9.6427006619864544E-002
   4.0500963802440504E-002  -1.8691346973962648E-002   1.3921625256075485E-002  -6.2360263256630272E-002  -5.3181597522051247E-002
  -6.7963410517168921E-002   4.4610264482605232E-003  -7.4197663799568048E-002  -1.8491589485475430E-002  -8.0325703085480871E-002
  -8.2143634918101616E-002  -9.3885976771817245E-002  -4.4946833472789695E-002  -1.3479151915749003E-002  -1.7993664332543581E-003
   8.8127028574050935E-003   7.9074439502536092E-002  -5.2326055234342930E-002   2.3005171379417117E-002  -4.3235713577643595E-002
  -8.7384253650713298E-002  -7.0163924245388115E-002   6.2543497575061086E-002  -8.6390873630766099E-002   9.4911438410169899E-002
   1.4544815768186288E-002   4.9308450733872064E-002  -2.1487795851402893E-002   8.6525911902211941E-002   7.9334211150955819E-003
  -6.3717734381639413E-002   4.8676445587203507E-002   3.3113545251071859E-003  -6.2728702864248115E-002   9.8120742704135341E-003
   4.8179917150998834E-002   8.0583545686972347E-002   3.7845495986083087E-003   4.3713125716752246E-002  -2.2891348232575520E-002
   9.6932642440627229E-002   3.8686204998225511E-002  -7.6935526080028502E-002  -6.2395442971798873E-002   3.1340668105874554E-002
  -8.0103333252313877E-002  -4.8030193981530848E-002   7.6880047309376712E-002   8.6733254213025412E-002   9.1045222838132579E-003
  -4.7300046969832032E-002  -8.4240749856005534E-002   2.8615149659339485E-002   4.2255381774035941E-002   6.4118427297201630E-002
  -4.2862183156189892E-002   8.0041328896557185E-002   1.1028566443738275E-002   8.6807613888957413E-002   6.0997824156323883E-002
   6.0249835813045986E-002   5.7991722204437095E-002   5.7971971756015400E-002  -1.2977505160045810E-002  -8.7700559741464179E-002
  -6.2840446829570962E-002  -3.9135586302674425E-003  -8.0851385517616156E-002  -4.9636603881947156E-002   8.7208693755894587E-002
  -6.3357728620893256E-002  -2.7647063757156596E-003  -6.3871245588571324E-002   9.5553581484313810E-002  -7.2539222418675622E-002
   7.1590061022959742E-002  -1.7289339936957023E-002  -7.0906655893894860E-002  -5.3714751230549397E-002   1.5320761899903754E-002
   3.0109123612137304E-002   1.5195758782586078E-002   2.3073092242034774E-002 -0.10012541118441808       -1.7980587314834172E-002
   6.4648423702442129E-002   4.1339449230543043E-002  -7.5654133586904496E-002  -7.6758853818200121E-002   3.1630542761071787E-002
  -5.6922120010828463E-002   6.5271473553135256E-002   8.2000690857112771E-002  -8.6227169360679146E-002  -3.2674088248111903E-002
   2.0797423114076036E-002  -5.7262261551701790E-002  -9.8723163632658137E-002   1.5323293692792955E-002  -2.1063043003823081E-002
   5.8398301966067212E-003  -5.9016361240710129E-002   6.9923673482983756E-002   8.7454336279570083E-002   8.5642834947562644E-003
  -8.6788146974087890E-002   8.2990687420691808E-002   2.8427228159875008E-002  -4.5618460773436668E-002  -5.3026878113162035E-002
  -2.2897138939123866E-002   5.1876344974404125E-002   9.0588487274749732E-002   3.7370084601575100E-002   7.6997353134217530E-002
  -9.4921811378622836E-002   6.2485544138262700E-003   1.8631029866434445E-002  -1.2878738170736953E-002   7.6165764335421729E-002
  -5.9780166713145856E-003   5.8306353150409836E-002  -8.0930708318288788E-002  -9.1982613254729811E-002  -4.6663481715614637E-003
  -3.7233675503376314E-002   4.3304670480755481E-002  -5.5599628324178368E-003  -9.8813517310927055E-003  -5.9202507124720735E-002
   3.3411675163092069E-002  -1.7691262596097369E-002  -7.1997929933184948E-002  -1.6158619722879918E-002  -9.1688186785996162E-002
  -3.1881272731752300E-002   4.5626689693113669E-002  -9.1830419225006010E-002   6.2339338580523915E-002  -1.9046797474165138E-002
  -4.8329206796602679E-002   9.1227787075578964E-002  -7.0517525030105860E-002   7.9761603727528149E-002   2.2929853529519480E-002
   7.7081919212584213E-002  -7.6938388137937602E-002  -2.4904160884850431E-003   1.4053600974271128E-002  -1.1987340216528184E-004
  -1.2135123633223038E-003   3.9974663848723932E-002   7.8877620546065619E-002   8.1860354233100202E-002  -3.7781535770606993E-002
   3.2402774117082575E-002  -5.8972472500266986E-002   4.4686024171829979E-002   2.1464394512871837E-002   4.3794255876110542E-002
   4.3039135538385440E-002   4.1955348096794718E-003   4.4352062881631009E-002   8.2151877514489755E-002  -6.3959861684494732E-002
  -9.5012353084569387E-002   1.9009494995191663E-002   8.4821076295553244E-002  -6.8148235438093396E-002   7.6987740947394620E-002
  -1.9297064942659183E-002   2.1319593131081230E-002   7.7399333298571862E-002  -8.8216087982133623E-002  -7.5474566371555196E-002
   9.4211158840154269E-002   7.5649179234062475E-002   1.6388093640509672E-002   7.7853254303338532E-002  -1.7278314968851329E-002
   6.3922841036866310E-002  -9.1909964866147068E-002   9.8920283157576797E-002   5.3162753820472565E-002  -8.3519153679220012E-002
  -7.9623388362918143E-002  -3.5631181873253995E-002  -8.5701141004205339E-002   4.7486702999256822E-002  -1.0781067894398380E-002
   2.9138146461623434E-002  -6.5602867926583458E-002  -6.8545324353929210E-002  -3.8379562607514742E-003   5.8281335551554396E-002
  -9.7912308203020285E-002  -5.4000766233751309E-002   2.6094787642223019E-002  -7.1418664269255194E-002   2.9183559287394283E-002
  -3.6583829074824527E-002   1.4889567149252048E-002  -8.3914075050927836E-002  -8.0566838657790477E-002  -3.6917116441428061E-002
   6.6542614263858560E-002  -2.6554390104795076E-002  -6.6575068847561050E-002  -4.5916627458745682E-002   1.0312677434848925E-002
  -2.7170822371163476E-002   1.7055245411598183E-002   9.7391598620748795E-002  -5.0011332204917970E-002   6.0720885016634765E-002
   3.3042097399999699E-002   7.5510079031453937E-003   6.9886824204562797E-002  -9.9491654381707151E-002  -4.5212724442028882E-002
   8.9478286965197482E-002   3.0878600958951240E-002   5.0997545604680922E-002  -9.0891489652059135E-002   2.2651227331653048E-002
   4.7211221040383652E-002   5.7497809909422291E-002   8.7220663739568660E-002   7.1451921590040351E-002   3.6766171998101019E-002
   8.4322255134969895E-002  -5.0260589323456256E-002   5.7516123920131430E-003  -8.7943219125554056E-002   4.8901415622286751E-004
  -2.3055535387290858E-002  -8.4681640202498590E-002   8.2744377686291337E-002  -1.2707013680715938E-002   7.7777519382770818E-002
  -9.0060441644695816E-002   5.7739994413431042E-002   2.5942769326220090E-002   4.8358975764939388E-002  -9.4770449786217736E-002
  -9.0971282588555247E-002  -9.5784383170561108E-002   5.0911216336905235E-002   4.5137921790118059E-002   5.0031967556291392E-002
   2.5317215880434101E-002   2.8121298909625864E-002  -2.3183416170064426E-002   4.1031778663584588E-002   4.3855324651248043E-002
  -1.5424158643618075E-003  -4.4191677311241871E-002   8.0463328657753935E-002   2.4787835395321815E-002   3.4921989312931112E-002
   4.1664887840144209E-002   6.4816800527105117E-002  -8.5403974767631660E-002  -5.6457923217048733E-002  -6.4501145387018954E-002
  -7.8603776759647581E-002   8.5379232535203270E-002   6.9961487180973558E-002  -4.7838874231838482E-002  -6.0649740927627475E-002
  -7.7703701226860503E-002  -6.4698443856939500E-002  -3.5735877466583854E-002  -8.3592134716535454E-002  -5.8035881009748214E-002
   4.3884696122239823E-002  -4.8402156705668838E-002  -3.2875205407317747E-002   3.0802843661451661E-002  -6.6838760740816641E-002
  -9.6306545316196382E-002   7.4312337094446151E-002  -9.8084038872584198E-002  -5.5560204340741853E-002   5.4924642566288508E-003
  -7.6241425264160466E-003   8.9651673155992720E-003   5.6589486045208227E-002  -6.9237169101066018E-002  -3.7711342411409957E-002
   1.3712156805189476E-002  -4.6539558618609957E-002  -9.1864526004236696E-002   1.3488562128870629E-003  -2.7327688066573572E-002
  -6.5171661723556568E-002   1.1262943876818501E-003   5.0953399528218923E-002  -7.4934672386558432E-002   1.4088934601904812E-002
  -6.5277437573902308E-002   9.6882025340502137E-003   8.5153520343826353E-002   8.4196747639129019E-003   2.1887098103310854E-002
  -7.7908417837128471E-002  -2.3527174381039771E-002   5.7361299382970828E-003   9.0930893116445199E-002  -5.9856643612406023E-002
   5.9259693999882686E-002  -7.1727910331593064E-002  -6.7070033505810256E-002  -8.1209460055617105E-002   6.3407735686150934E-002
  -8.7144461849726837E-002  -3.6274735574427064E-002  -9.5337434829619774E-002  -4.9462791652713917E-002  -8.9641019840781405E-002
  -8.2769326345200400E-002   4.2056538134902711E-002  -1.4743127333833707E-002   2.8364894967630797E-002   4.5362819798386560E-003
   5.0364197257379714E-002  -6.7425191670938106E-002   7.8128971541199743E-002   4.2256795822404020E-002  -2.0494858987247584E-002
   3.2967023910833476E-002   8.4175493758291309E-002  -6.0990903055863181E-002   3.0712110911330949E-003  -5.7142725773145116E-002
  -9.0021272316577958E-003   4.7177977365354964E-002   9.4423414643957856E-003  -4.8381539397676726E-002   2.7457692047834804E-002
   1.7490422972313388E-002  -1.8890993803847974E-003  -4.1591005681086972E-002  -1.6072684489126913E-002   4.6444907243951380E-002
  -2.7424286743795923E-002  -6.8273268129001918E-002   7.0718245880586075E-002  -5.4486703971070846E-002   5.9163842415309857E-002
  -9.9283046001899300E-002  -7.6652937161816412E-002   1.2277973560318456E-003  -1.7552903247565947E-003   1.0641488353320856E-002
   6.6364099564161283E-002  -3.3139509844199673E-002   5.9957056383200112E-002   7.7967290371228432E-002   8.4526710481185666E-002
  -1.3677209074513863E-002  -5.4294820056472917E-002  -5.1954497073086340E-003  -3.1729706739516132E-002  -7.6544810713152139E-002
  -5.8154036192651762E-002  -3.0606288932210415E-002  -5.6387927344464718E-002  -3.8682610018287031E-002  -3.3653548952785398E-002  -6.0753305567828375E-002  -4.0688342363839579E-002  -5.7767602403886766E-002  -3.5389099834584568E-002  -4.5546134344849519E-002  -5.4333757521916826E-002  -5.1781431871690854E-002  -6.4562865057388355E-002  -5.8889814277737249E-002  -3.8959055452038545E-002  -3.1953922926164724E-002
