          16           8           5           5
  -2.6298026508737419E-002  -9.3613108820539651E-002   8.9929048693906510E-003  -2.2370490041902388E-002  -8.1658674210160792E-002
  -7.2416479189415114E-002   2.2415520200238931E-002   7.5043374838357310E-002   5.5632764585154884E-003  -7.6859053387181422E-002
   8.8133083670266274E-002   5.2953806363514891E-002  -8.5230230309798802E-002   9.6139522344323838E-002  -2.1167748117971764E-002
  -8.5687792743146599E-002  -1.2176013016569552E-002   8.9823211243175910E-002  -2.7781471271468060E-003   2.8590969749704057E-002
  -1.0699100640998979E-002  -9.0048781490764521E-002   7.2339064327694880E-002  -8.9979353198213805E-002   3.0230743367984647E-002
  -3.1165528963039400E-002   3.8984858082053181E-002   9.5608456480028456E-002  -8.9143980796719882E-002  -7.8047802086037107E-002
  -3.6940585728685894E-002   7.5311570491421814E-002  -3.4551658733458127E-002  -7.1464107895177265E-002  -3.7901858670159887E-003
   9.9296285887853095E-002  -1.3400734023377103E-002  -7.2533599180883424E-002   2.8987898144901176E-002   5.1501046562258387E-002
   5.9799448514630649E-002   4.3349465194881349E-003   3.0061316446315847E-002  -6.2358431438073757E-002   9.1236964382202079E-002
   1.0492746979953478E-002  -2.0568761189415193E-002   8.9376322575769173E-003   5.4430266305481867E-002  -8.9328838252150322E-002
  -8.9485017347038537E-002   1.1725488113851849E-002  -2.6965908268785321E-002  -4.4241396334413121E-003  -4.7480424077977215E-002
   2.0209659121202043E-002   8.6351026410905071E-002  -9.8825920756090008E-002  -4.8826907112541715E-002  -8.4792632976585611E-002
  -7.8042955600698474E-002  -8.0154751284838621E-002   6.6537121543481001E-002  -7.3842853394667202E-002  -9.5224985296447434E-002
  -5.8489881632762149E-002  -3.2117824843020011E-002   5.6714419315050918E-002   8.6675378403903672E-002   3.9563073958005599E-003
   1.5670319765102921E-002  -3.8580405206809720E-002  -1.3931179294089100E-002  -8.6833988714587765E-002   3.3847117824980455E-002
  -8.2547416269953447E-002  -7.0844908100304964E-003   1.0298944998870298E-002   3.7887994382407753E-002  -6.0830611064733323E-002
  -4.4695233303957888E-002  -4.6324172650692205E-002  -5.8904979436071321E-002   9.2747197540171120E-002  -7.6626162143214993E-002
   2.6676229622189081E-002   8.4309129282299305E-002  -3.9233705761166936E-002  -2.1434440789570623E-002   7.8520304027445489E-002
  -3.5176916337405051E-002   2.0386622483788780E-002   1.9066591012428441E-002   6.3546262186303160E-002  -8.9123933295816478E-003
   4.6017332842509424E-002   8.1556900364452220E-002   9.1164238588823721E-004   5.2123986496392712E-003   4.1320719572046097E-002
  -1.1954772913101422E-002  -2.5278491074010017E-002  -3.6245762351849544E-003   9.3231112833639052E-002  -5.4435655423236598E-002
  -8.6223129824572961E-002  -7.1241102852046226E-002  -7.4053573469507930E-002  -7.7701813149890012E-002  -3.8025173069834654E-002
   2.3247491240922808E-002  -6.1677429633400310E-002   9.8190161759599867E-002  -5.8906211989564186E-003  -5.2600152772775731E-003
   3.4869782812090605E-002   8.1757768158848887E-002   3.1121324530352455E-002   3.6418623728929740E-002  -9.9600962218236444E-002
   5.7909534535396219E-002  -7.2277984300886347E-002  -2.9002963304907932E-002   9.8075727331874404E-002   4.8049119042813233E-002
   3.8102433645861275E-004  -4.2401274134888513E-002   1.4053792539965918E-004   3.7810106951375481E-002   4.6215030188242287E-002
  -8.8382641290180503E-002  -8.2538078690337927E-002  -7.7106037608770120E-002  -4.8027021410007302E-002  -9.0410948156034329E-002
  -1.6128837092177366E-002   6.7340628579997522E-002  -3.6473924963562394E-002  -9.8722641019357127E-002  -6.9131858815940958E-002
   1.1387151169401713E-002   3.0002838224196606E-002   2.2529184525345469E-002  -9.7130204418735183E-002   6.4780428732385889E-002
   4.9450324522539231E-002  -1.4178921325982603E-002  -1.0541081977856978E-002   3.1038859150739131E-002  -5.1331991127016051E-002
  -6.4248796681369250E-002  -7.1063433375261650E-002  -8.8941913405523512E-003   8.6869461505043322E-002  -5.7393905589751174E-002
  -6.4058589865583340E-002  -4.0759699679433679E-002   6.4360793943990288E-002  -4.5895543657917877E-002   2.2987041974504633E-002
  -8.3211608691614383E-002  -1.2313422637294983E-002  -5.0668934965948147E-002  -6.6717533957803997E-003   6.0281368310338340E-002
   5.5430371512432450E-002   8.6693376843158643E-002  -9.4403729526913657E-002   2.6175361325469273E-004   7.2475035823298700E-002
   6.2794121363695998E-002   7.7687135145185224E-003   5.3805105952642818E-002   7.5173111792173689E-002   9.6138437079281741E-002
  -7.7658601543080449E-002  -4.2712360134359141E-003  -6.3592554567526272E-002  -7.3625256178860704E-002   8.8794134282834100E-002
  -4.9212222703189624E-002   3.0188952550756831E-002   6.0611726743985780E-002   6.6750308387610854E-002   7.4166605932725393E-002
   3.6918601874908197E-002  -1.8827265718791647E-002  -9.3819920542636881E-002   1.3871977468032633E-003  -5.7899587245667357E-002
  -3.4945206557291560E-002   1.7948400746381928E-002  -7.9726755812536174E-002  -6.7632198382721942E-002  -5.4426950892365163E-002
   5.6753795894080201E-002  -2.6451642808608559E-002   6.3514291958048211E-002  -8.2052915537585133E-002   6.0233988586590737E-002
  -1.1720786115634122E-002  -8.0066631170825742E-002  -1.8418369529426663E-002   2.6819964638794026E-002   8.9546496329083389E-002
  -3.2623328672432762E-002   9.2379154016178508E-002   7.4778422272414602E-002  -9.5582050427225570E-004  -8.8947554613207830E-002
   7.3700031425137050E-002  -8.4382007780751792E-002   2.0713219643124864E-002   1.0505970056050381E-002  -5.3804377867499732E-002
   1.5316920603072600E-002   3.6037486079812428E-002   2.2110806466267445E-002  -7.6637573604851905E-002   5.0284673144060939E-002
   2.2609438613650990E-002   2.8348461729399175E-002  -2.5488282436492843E-003  -6.6472669837932602E-003   2.6289799101025569E-002
  -1.8462366585269868E-002   5.6126981879139710E-003  -6.5887880794951947E-002   1.1722834545533209E-002  -1.2721492584989801E-002
  -1.2472913162563765E-002  -2.1858692479128531E-002  -1.7801264335580567E-002  -6.2450253227726418E-002  -1.4481865023231772E-002
   3.1427126556194669E-003  -4.9577567906205058E-002   3.2540073815231926E-002   2.2610296907264467E-002  -8.9883402635299148E-002
  -4.5812462446343535E-004  -7.1975654654079360E-002   2.2365744617628594E-002   4.0621649475643645E-002  -4.5511834378335975E-002
   5.8824244485770207E-002  -6.0183760218942978E-002  -2.6701317655697505E-002   9.4085518201704535E-003   1.9599672884814422E-002
  -2.3210920080722220E-002   6.9436888290712775E-002   2.4137462182733653E-002  -5.8862687495350313E-002  -6.1626587482841964E-002
  -2.8492833214488777E-003   3.3324639508743335E-002   8.1855326867221415E-003  -4.5226908135241155E-002   1.3376605022877040E-002
   4.9947443395572402E-002   7.4875130352590830E-002   4.4378368339751832E-002  -1.8745481484571905E-002   8.7928399156297882E-002
  -6.4938156695069138E-002   8.6788999362334071E-002   9.3826582588511800E-002   8.6244100901212345E-002  -2.4965477911815775E-002
  -6.6293099119623874E-002  -4.0057591262681318E-002   2.8685360900228534E-002  -4.4259131976246181E-002  -6.9936301442162827E-002
   5.8983558327960983E-002  -4.4765180304724705E-002   2.6829508841891340E-002  -5.0601881755227798E-002   8.7113383336314909E-002
   3.2203942310335916E-002   5.2092995935150245E-002  -5.3055253193381002E-002   5.6864896941876270E-002  -1.0153970704968515E-003
   8.0062422556689591E-002  -4.3397367337562637E-002  -1.2633316051752396E-002   1.9067183004571144E-002  -2.9062768314748803E-002
   9.1537811823780915E-002   1.2642931138461730E-002   2.1138361754329225E-002   4.7936179167953298E-003  -3.8828792341010762E-002
  -6.7274152771312601E-002  -2.2219821177703873E-002   5.8566492567257260E-002   1.0104091685527748E-002   4.9508193169983519E-002
   7.4746142871612742E-002  -5.6987065384449628E-002   7.4427289945752928E-002  -7.8696665218570924E-002   4.8718478628156869E-002
   1.9316075462743585E-002  -6.2006544131442520E-002   9.3423895222750700E-002  -5.6110474033113499E-002   8.0802569336020910E-002
  -3.9528632254040255E-002   7.3787747641886531E-002   1.6234770433581281E-002  -9.2140513897097598E-002  -5.0736602257057915E-002
   4.3825049417051842E-002   7.9626349764504487E-002  -1.2070067712359083E-002  -8.1772300207928070E-002  -7.8821819980639626E-002
  -1.6224885212619503E-002   3.8010080334031887E-002   2.7900473614980003E-002   6.1428192301197164E-002 -0.10149688627596445     
  -5.4284237983891565E-002   7.2835825754643466E-002   4.2823870384554987E-003   6.4735274156009701E-002  -9.1120341017692855E-002
  -9.7834372361604263E-002  -8.7223878284600972E-002   8.0067455289835637E-002  -3.5007693886233266E-003   1.5164043836253454E-002
   8.4485467116332591E-002   3.8383733996370399E-002   2.9083074525050989E-002  -4.2330330296462958E-002   1.8427691589579506E-002
   1.9888055166077550E-003  -2.4175569165325230E-002  -6.7500146126853219E-002  -2.4697136838850161E-002   7.7598551250206399E-002
  -8.0380589634727759E-002  -4.2551422003899129E-002   7.4120778312534288E-002  -4.9115567871939110E-002   9.3143440795653357E-002
  -8.0468112546370971E-002   5.2500231248924965E-002  -9.7380609791851203E-002   8.9542399441075934E-002  -4.0412252946490951E-002
  -2.4573401593520203E-002  -5.3713693889237246E-002  -7.4211990692861024E-002   1.7092333320685917E-002  -3.9236161751144728E-002
  -2.7670457690617341E-003   2.5029458861685117E-002   7.7483173027210403E-002  -8.5512455641471780E-002  -7.5761233582925608E-002
   4.1981842025561635E-002   9.0903591150539600E-002  -1.3074280253134660E-003  -8.6796694455287302E-002  -8.8331188574166372E-002
  -3.5786164478658733E-002   7.0132921207242321E-002   4.9256332162521684E-002   8.9444998988608346E-002   1.2779846949053358E-002
  -1.7669721174309646E-002   6.3288943079485835E-002  -6.0829953602106496E-002   9.0362174187207600E-002   7.8345445296803831E-002
   7.3504888777546615E-002   7.3961909384775815E-002   8.9242623534636925E-002  -5.2509896102656460E-002   6.5583610793906399E-002
  -2.1154043864861981E-002  -2.8079658946494817E-002   7.2741627680840484E-002  -9.0187616175553750E-002  -5.7251688374949893E-003
  -3.1425732033417079E-002   7.0151644845561398E-002  -9.0991844611596456E-002   2.7039538199609757E-003  -6.1132879800669435E-002
  -3.0997276764382780E-002   4.1383800187141571E-002  -8.9540897703430128E-002   7.3902328560753891E-002   8.3442759795367319E-002
  -5.5074611064959124E-002  -6.8993574153863993E-002  -1.3495453924788167E-002   3.5229127767740995E-002   1.9086711200871433E-002
   2.9921453167279174E-002   1.9043776756867380E-003  -3.3832001241388777E-002  -4.7517675907934986E-002   6.4783925098472320E-002
  -3.6836257050892543E-004  -8.3848633570637279E-002  -9.6540098921599940E-002   8.5629394138763193E-002   5.4763446969553056E-002
   4.3182091374415560E-002  -9.8684865921186887E-002   4.1574948513493595E-002   7.8510289464369817E-002   1.1679585423612663E-002
  -6.6248331608811342E-002   9.8604283905641937E-002  -8.4129686218216676E-002   4.7560395424692065E-002  -7.1509730966148946E-002
   3.8784512939971386E-002   6.7964219841581894E-002   3.4732323959444290E-002  -5.3280135320410191E-002  -9.1291893234995355E-003
  -3.1928168847834226E-002  -6.1054952469489325E-002   1.7048416113874303E-002   2.9758817348572518E-002   3.1546493928554853E-002
   4.2329952606797609E-002   2.2709102569907696E-002  -5.9484281760435194E-002   4.3640523469992400E-002   4.6465713948457159E-002
  -6.8584480854017790E-002  -2.8617883159127678E-003  -7.6573738866021090E-002   3.9285510437727003E-002   5.2083311839012672E-002
  -8.0260226366901749E-002   3.6298170947164948E-002  -6.2151274315357705E-002   9.9457533405037640E-003   3.4771942545584231E-002
   9.9392391572529992E-002   1.7205411083779286E-002   3.4828049825752487E-002   3.2579163302445653E-002   7.0658668215635004E-002
  -8.1785855432673679E-002  -3.9243569492591439E-002   9.5565836016206829E-002   3.2570173478446512E-002   1.5694183524184339E-002
  -7.6865436056041403E-002  -4.7016338652382465E-002   5.3630462670121844E-002  -9.4635708615319586E-002   6.9465752245426414E-003
   6.3481084476238250E-002   9.8790645513264913E-002  -9.5684089867270727E-002  -8.3855168155728882E-002  -3.2293381018398321E-002
  -2.1858537424123397E-003   3.0392245524688631E-002  -9.1090614871487063E-002  -4.2821648204503154E-002   1.6635608701643951E-002
   2.3738458996738699E-002  -2.3817781628089209E-002  -4.9275538106867106E-002   3.0040288052686846E-002   9.3271527762094616E-002
   7.9425570568013373E-002  -1.3537616614876570E-003  -5.7484273479632607E-002   6.3488627507940751E-002  -5.5676824909046366E-002
  -9.1402544478180345E-002  -6.4290279301435577E-002   5.8130818037874621E-002   2.1911016480440922E-002  -6.0737340407650366E-002
  -7.1581810386677755E-002  -8.8973887500487639E-002   3.7344061887565470E-002  -7.8324442621185417E-002   3.0340676079402381E-002
   9.4837389631839575E-002  -6.3946188184084943E-002  -6.2860789127433966E-002   5.5034062824653868E-002 -0.10001110107334359     
   3.1286170689119687E-002  -7.4932949597290896E-002  -9.0633202927405107E-002  -7.9963897658554731E-002   2.3186930413754851E-002
  -8.2617893542499515E-002   5.4830879854730605E-002  -6.8807601494980612E-003   3.3756523695819704E-002   5.1982436914433806E-002
  -6.6992187355990454E-002  -4.0588696549684306E-002   7.2695448517973257E-002  -8.5111323952735296E-002   9.0645688523520937E-002
  -9.5072497616852145E-002  -1.8764114813285399E-002  -8.0335700161203640E-003   7.0867867020611153E-002  -9.9116881683731145E-002
  -9.0637781287085689E-002  -7.1330077061991543E-002  -5.6236680110460166E-003   6.4055222067444628E-002  -9.3994180163295749E-002
  -5.9302600369701954E-002   3.4831385023662335E-002   3.0715724329479058E-002   4.7275707295221216E-002   6.4195845769977569E-002
   9.1364581372677736E-002  -8.6449174692858247E-002  -8.7652783762825509E-002   5.8313412339309430E-002   9.4988180003961295E-002
   1.7873642024036563E-002  -2.7751660947703451E-002   1.9393644006178656E-002   7.6488624859473373E-002   6.4514247050765139E-002
  -1.1069068158451534E-002  -3.5018730012512517E-002   7.3978761447681396E-002  -3.3496931090805857E-002  -7.2172280955773290E-003
  -3.3065557496554349E-002   6.2976162712393660E-002  -9.9709797442891226E-002  -5.4113855558486489E-002   9.5062810014453533E-002
  -2.0883830908585491E-003   7.9240228611654404E-003   1.8939510814864592E-002   5.2438479660988552E-002   5.6186600522589079E-002
  -4.1291230389152320E-002   2.7862410543850269E-003   4.1327922713695654E-002  -4.7357437441313849E-002   9.4280927679893989E-002
  -7.8538441597071851E-002   2.1683807845602785E-002   2.4414389675148741E-002   9.2608160447276600E-002  -4.2437549177820236E-002
   1.3999803502040454E-002   5.2876247844368757E-002  -9.4232365464978610E-002   6.4426432791365895E-002  -6.9456964758233389E-002
  -6.7182387645742830E-002  -7.3880213701151914E-002  -8.2860544125121699E-002  -3.1088071377722928E-002  -5.5581947909476001E-002
   3.3547604700742618E-002   1.2999363652451277E-002   8.9644170383500948E-002  -2.1579475248435363E-002   5.9267676955358749E-002
   1.9202179601364163E-002  -6.9684912216340045E-002   1.0524406236509997E-002  -4.2863551018420293E-002  -3.5505121597068978E-002
   4.7660490698121026E-002  -7.4094607666349732E-002   7.0482989723428474E-003  -3.3305225135553687E-002  -7.8591926850755403E-002
  -1.8313397152350065E-002   9.5261240874637623E-003   8.2685673289589229E-002  -1.0797128773103468E-002   3.7533474952331371E-002
  -8.5692961313783581E-002  -8.4756290312710800E-002  -1.5395825170381768E-002   6.1034005147723600E-002  -1.0870403773954214E-002
  -4.9910812806044459E-002   1.2358873255493672E-003   1.7276642613451788E-002  -8.1562486517759158E-002  -1.9871055242572079E-002
  -8.7255244807316779E-002  -8.7941792194233412E-002  -6.8473413777085180E-003   2.4218999892347309E-002  -6.4133552312449840E-002
  -7.4470314162264628E-002  -3.4659457467973755E-002   9.2266444066366221E-002  -1.9107435212711493E-002   3.7385265774396867E-002
  -3.5411091583621088E-002   4.7292487458764500E-002   8.2574091987868012E-002   9.6590150870772010E-002  -2.9944196986483665E-002
   2.6275710754761327E-002   8.9283066925413046E-002   1.5323694198161729E-002  -9.0702918672553465E-002  -5.2796586156314516E-002
  -1.1349472490777026E-002  -8.8766100745279894E-002   3.1395249872565471E-002  -1.9258044761451950E-003  -3.3213973996687358E-002
  -5.2452803184957618E-002   4.3869123955881481E-002   7.4423502940874367E-002  -1.0232352748958173E-002  -8.6977420446538348E-002
  -9.0467508389610443E-002   1.4980335003400045E-002  -2.2729657452541879E-002   4.2781894858492667E-002  -3.2277813605199789E-002
  -3.9879074168085560E-002  -5.0326003337709230E-002   2.3922937497778466E-002  -6.7069195511177584E-002   8.6690883068824512E-002
  -8.7701424479953174E-002  -9.4564065407793371E-002  -4.2559164772284296E-002   1.6036746816301708E-002   6.5697871313947193E-002
   4.7354378584996235E-002   4.6776966818508348E-002  -9.7316449409120070E-002   7.5910900233516446E-002  -9.3400482622370218E-002
  -4.8112140479920913E-002  -3.2905132880749317E-002  -5.3020254825673914E-002   4.9616310494659283E-002  -1.8285936241840516E-002
   7.2729104516809834E-002   3.2903378662975688E-003  -6.3036883079811645E-002  -9.5813206861259395E-002   8.5747066356805401E-002
  -7.7261369173651270E-002   5.0218665361775293E-002  -6.2802213185216754E-002  -4.2619789165299383E-002  -5.5274591890778220E-002
   1.1033848509703811E-002   3.4625502903975369E-002  -1.8669617590592002E-002  -1.9558992909042592E-002  -1.8384606276312929E-002
  -7.3249075209874073E-002  -9.0526360207594428E-002   1.1824516907482928E-002   3.0601599632155106E-003   6.5238335649323229E-002
  -2.4540221371254944E-002   9.7448931690442789E-002  -6.5409451244922076E-002  -9.6873847348864263E-003   5.8361769534281648E-002
   8.2102537450930768E-002  -9.1956642595584698E-002   3.9511026726418264E-002   5.6953185239474640E-003   2.3298618344266595E-002
   5.2897100495760255E-002  -2.9000192284442852E-002   2.6058081579582931E-002  -1.4513174232793016E-002   6.8993967176281201E-002
  -7.1817010652944158E-002   7.9570286283141986E-002  -5.3736399492455768E-002  -4.5230244233209864E-002   9.1648964406580283E-002
  -3.2773866094668348E-002  -7.7189845512818128E-002  -2.6656769202835755E-003  -9.1788779098980880E-002   9.3856878899003418E-002
   2.0283286748402098E-002  -2.4956601465152096E-002   8.0296134852326905E-003   9.3336149191624695E-002  -1.7741142944416124E-003
  -8.7401842948727188E-002  -5.6382418527438291E-003   4.5501816281120745E-002   2.5641348465009702E-002  -8.5637693173542181E-002
   6.9067264549128884E-002  -4.7980066463799896E-002  -5.3409363649704333E-002  -4.5890627324272036E-002  -6.5409018052571627E-002
   3.5975745089174720E-002  -2.5761863827191575E-002   4.5440212186140139E-002  -4.5243325650087138E-002   7.2048592506144829E-002
  -7.4630767499318060E-002   8.2328364188580500E-002   4.2211008867825632E-002  -5.3316081589227252E-002  -4.8129025065453870E-002
   6.7714079801398472E-002   8.2344967643145972E-002  -1.3765745267246830E-002   1.7941437926760388E-002  -4.5440238404508483E-002
  -9.5911486535700516E-002   7.3831933880969411E-002   2.7775320264120398E-002   5.6683451862437305E-002  -2.6741218798217455E-002
  -2.0957394319340662E-002   7.8082316881599001E-002   9.8126241010575765E-002   2.5691990977018561E-002  -3.5770084329121647E-002
  -9.5174620536998909E-003  -8.3212950716994957E-002   2.1608571640441582E-002   5.4009088605349248E-003  -8.4653605334592902E-002
   6.2243871835951488E-002  -7.1475072455272445E-002  -7.1729571787281773E-002   2.7754704990509357E-002  -5.2215004635259424E-002
  -7.7095469080856294E-002  -9.2531564326548521E-002   2.8275424364356386E-002   9.2549302323283608E-002   2.9474043522759136E-002
   8.4319132386516824E-002   6.3985386363082736E-002  -2.5744042073045488E-002   1.8312101704309486E-002  -3.9156462116462849E-002
   7.8307670063516688E-002   2.3217147712996860E-002  -4.3485424005330238E-002   8.9318195564496494E-002  -8.8925339847917187E-002
  -7.4664107773116190E-002  -4.3568028425514535E-002   6.8619667672493695E-002   6.9277557077750337E-002   6.1446410645813972E-002
  -6.1055169900902699E-002  -9.9722742008507281E-002  -3.0249531426109307E-002   7.4273272545177807E-002   6.2494448143241054E-003
   2.1302337726955532E-002  -8.7552305558201315E-002  -1.1483379740422395E-002   2.8707071414976946E-002  -9.4734385901384874E-003
   4.6469104660149425E-002   2.2229959409513497E-002   3.2458982825805734E-002   2.2113298694925562E-002   7.6829977992034587E-002
  -3.6026349596758885E-002   1.7573335553217974E-002  -6.2948279946587707E-002  -1.6365909381673906E-002   3.0055500442191078E-002
  -3.9989366150199122E-002   9.7607291926168724E-002  -2.5935648659777051E-002   4.7398748602426578E-002  -8.8048041235764318E-002
   6.5998977037512230E-002  -2.3765697993681417E-002   8.3377549360667727E-002  -3.4736125349892344E-002   6.8295340843738506E-002
  -4.3786796572250326E-002   3.6931595237857773E-002   6.5829088394423044E-002   7.7947722945376038E-002  -5.6323593935914511E-002
   9.1456217344915547E-002  -8.5630257467318976E-002   8.2909721300836695E-002  -6.8513841850998417E-002   7.5389403080339548E-002
   5.7972713040052193E-002  -3.4211189923202552E-002   4.5316883160692087E-002   5.9132697045073838E-002   5.3184684210792914E-002
   9.5637047833779465E-002  -4.5699651101855324E-002  -6.0342850333748995E-003   9.1029834761592793E-002  -6.9371091254519651E-002
  -6.9594291486345841E-002  -4.1129184137077418E-002  -5.6588235618563069E-002  -1.4929114232074846E-002   9.3620360155628288E-002
   5.0189990432819374E-002   5.7187914170023398E-002   2.8006712977625806E-002  -7.1238231029912641E-002  -2.0379993348299034E-002
   4.0668875627123326E-002  -6.8729744146501570E-002   2.5463884836598692E-002  -6.5578224877498037E-002   2.3923026225908244E-002
  -2.3972684613117575E-002  -2.4723083518411251E-003   1.6241411884842936E-002  -4.6245946265870162E-002   5.8102928974380755E-002
   7.6592131029138866E-002   6.6988220923366495E-002  -1.8607478135729948E-002  -5.9419390691552734E-002   7.7394467662113844E-002
  -9.0714355278453104E-002  -6.5215087511097447E-002   9.2032734828693744E-002   1.5618473933997299E-002   4.2729912025654966E-002
  -4.5522385797027998E-002   8.7239560288321485E-002  -7.4247666309897764E-002   5.1973159581949216E-002  -8.0385776450928273E-002
  -7.9109218534293424E-002  -5.5898456832448103E-002  -2.5357046270346184E-002   8.3445370396919363E-002   1.0011770632023444E-003
   6.5830866185399392E-002  -1.7622899207142349E-002   9.8475393206344949E-002  -5.3701415712143798E-002  -2.2592180871385228E-002
  -6.3167998138849851E-002  -7.7215609841199351E-002  -3.0977944982554725E-002  -2.8220944060862643E-003   6.6036169364455735E-002
   5.0005208537585506E-002  -5.4941020918755017E-002  -7.7675646433946754E-002  -4.6061139317307306E-002   8.0672054877624091E-002
  -9.8071658941852088E-002   8.4629268382107797E-002   7.5194371924704045E-002   3.5267845137410228E-002  -6.7875049934641857E-002
  -7.7749684518542278E-002   2.7326143708333661E-003   5.6084933919778437E-002   2.5113494654578549E-003  -7.3702035177367300E-002
  -4.4940495626111738E-003   8.6618351884181197E-002  -8.5504343469743546E-002   1.5623525818527707E-002  -2.1839314857683440E-002
  -4.6264807666436730E-002   8.9115223273419378E-002   5.3089778559467903E-003   6.2644385638779901E-002  -9.7013402499023904E-002
   2.3369352197326162E-002  -1.7515471226638123E-002  -1.6736030050602294E-003   1.3679062016871409E-002   2.0375239789009039E-002
  -7.7827214881740880E-002   4.0935603413266901E-002  -3.4886211938890063E-002   9.7556341881566422E-003   5.2706698164546907E-003
  -8.9858619638075645E-003   7.7676009166106605E-002   4.9970792657293706E-002  -8.5054891303617958E-002   3.7175467784964673E-002
   3.4948511666339284E-002  -6.2905839125893245E-002  -7.1693564042193500E-002   5.5697110770540043E-002  -9.5065893989028181E-003
  -3.4547566516851813E-002  -6.9160985358812405E-002   6.9421684702353104E-002   5.3976822022190250E-002  -8.0001398423300507E-002
   9.6509545684629952E-003   7.2636544954684260E-002   2.6413939491138048E-002  -8.4345935660524188E-002  -8.0208867165384706E-003
   8.3546074439431212E-002  -8.9247979007373926E-002  -7.6268594514339011E-002   1.5883147192777187E-002  -4.3277232037985114E-002
   1.0293324908589873E-002   9.7918022544784239E-002  -8.5122750703178041E-002  -3.5404966605453239E-002  -8.8868629590036774E-002
  -1.9402729495967410E-002   6.9114229563059071E-002  -1.1553984805107748E-002  -3.7820816099831213E-002  -2.8053415288836692E-002
  -5.8632789588215342E-002  -8.4670792549973034E-002   5.8274053147213914E-002  -8.7397789702244405E-002   7.0930562598721042E-003
  -6.6599070021583495E-002   5.9081967923952886E-002  -7.4389033741371416E-002   9.8851052936891920E-002   2.9324555759531731E-002
  -5.5802703902803820E-002  -1.8838679743553091E-002  -5.9291689894869951E-002  -3.5534211075340209E-002   9.2474116552820215E-002
  -8.9935522964781703E-002  -7.1244224040101327E-003   2.8775043817073102E-003   8.3387101417279438E-002   4.9980496003532222E-002
  -5.2086958464436471E-002  -4.9380325583126300E-002  -1.0863166893144127E-002  -2.0413575563114864E-002  -9.1089646363126206E-002
  -5.8233538392133424E-002  -3.1605040925256851E-002   4.8244818088492146E-002   1.8114742796237981E-002   1.0781842478866311E-002
  -1.6397231340251114E-003  -1.0215147583021501E-003   3.5270529253475912E-003  -5.6937431590120359E-002  -9.6837745007398571E-002
  -1.7771989375845718E-002  -2.8765737156818080E-003  -8.7303930532575721E-002  -9.3835961255850545E-002  -4.2951659924900201E-002
  -2.8757184700197429E-002   6.7666306790887309E-002   7.1769128908064347E-002  -7.1077411021781098E-002  -9.3849195523729834E-002
  -6.9560740228567827E-002  -4.0254791217028740E-002  -9.0022583919084645E-002   3.7732379238869969E-002   2.8539594802684306E-002
   7.2397072687416963E-002   7.8174038249399416E-003  -4.3847958196913311E-002   3.2232556013701730E-002  -8.5019424020945630E-002
  -2.7523203902840302E-002   2.4565043981117085E-002   4.9233572688460181E-002   8.5883153290311848E-002  -1.8887304142472090E-002
  -9.0450258040371739E-002   5.6947562115001044E-002   8.2823804426121625E-002  -4.0889179712662198E-002  -7.7876584210861605E-002
   2.2481694149081143E-002  -4.1462192156579092E-002  -5.7814582238043350E-003   9.9499892199086584E-003  -6.0630036491610799E-003
  -8.4739983757111129E-002  -1.4146606027656647E-002  -2.7072456601620172E-002   6.5034417426113406E-002   2.8707314379074617E-002
  -8.2650995813015493E-002  -3.5199508415419155E-002  -3.9906040705336059E-003   3.3852349790988084E-002  -9.4051514219085884E-003
  -1.3002241137970643E-002   6.5579349009254245E-002   6.4308224428202262E-002  -8.3559589836594172E-002   5.3993919547764821E-002
   6.8998056021998044E-002  -2.5015457087584805E-002   7.9198000074580222E-002  -3.5545582008599606E-002  -5.7892910495708869E-002
  -1.4632241376529286E-002   6.8043523973654790E-002  -2.2166859075964042E-003  -4.0165701574865216E-002   2.2469384580996898E-002
   1.5203338311939006E-003   1.0498862411001599E-002  -5.5869331833408684E-002  -9.7778415735211677E-002  -6.8274883567221140E-002
   7.7949919125985215E-002   8.4329654410893837E-002  -4.2374107315995540E-003   1.4736494223861717E-002   2.4276942672155830E-002
  -5.8037049714624199E-003   6.9280545816947066E-003   4.5685654121832349E-002  -5.2294450161361701E-002  -9.0084428754019077E-002
  -1.1756023410041373E-002   7.1078955527087595E-002  -7.5672637310321691E-003   6.3578153383806763E-002  -6.1892281081880170E-002
   5.4171894779019368E-002  -5.7344782978182907E-002  -4.2855246255242022E-002  -9.4710029450467512E-002  -9.1118246639667208E-002
   5.3117489884677703E-002  -2.3346784767970193E-002   9.1269549534465269E-002  -5.4761476413499752E-002  -1.2789854753895914E-002
   3.7282621580558194E-002   2.6741214691383540E-002   6.7722772448900681E-002  -7.1983974160388722E-002   4.4358374772235226E-002
   7.6637266728034378E-002   6.7315499507606430E-002   5.5894040445830573E-002  -5.0655498367810768E-002   2.2066887027528913E-002
   5.8566880768251312E-002   7.7335572782816053E-002  -8.0893989610607578E-002   2.0094886474299727E-002  -2.9565128346629589E-002
  -8.2490332425001367E-002  -4.9134705412156608E-002  -3.7622080513607332E-002   8.9659281864253731E-002   9.5124032595184820E-004
  -4.1442990393162661E-002  -8.0781182150084410E-002   1.2231887479245574E-002   3.0420768351670201E-002  -1.0479256987409882E-002
  -6.5661713257803109E-002   4.9585541644413429E-002  -8.6345123664458377E-003  -5.4346630861850612E-002  -4.8966587502952729E-003
   6.9432737922067625E-002   6.4454472809622618E-002  -4.5287122480374989E-002   4.7683527329716785E-002   9.3440486820824467E-002
  -6.8989094263893685E-002   2.8800700403445261E-003  -8.0381648451743518E-002   4.0881897173753776E-002  -2.1841009553461490E-002
  -1.0731936122085702E-002  -8.0902331477981246E-002   9.3384317582368565E-002   2.6380171263874232E-002   5.4971942472502040E-002
   9.8142376849626026E-002  -2.2192122563316694E-002   1.8641247858331135E-002  -5.8186339392832534E-002  -7.1297389709085918E-002
   8.0829918876286114E-002   5.1093115913201453E-002  -6.8860880129256036E-002   5.3127831887687452E-002   4.4986281108832599E-002
   1.8580442916236079E-002  -6.4400139872420326E-002  -5.7551941095837791E-002   8.5999929411742226E-002   2.6446862303331929E-003
   1.1276095900729690E-002   1.2518684111433871E-002  -3.0564906297401547E-002   3.9868176715870278E-002  -6.2605338723363518E-002
  -7.8228096277022360E-002   4.5707888181192563E-002  -3.0949213502118347E-002   5.9868997215495941E-002   8.3739269249400398E-003
  -3.1010390108157163E-002   3.9420911735838338E-002  -1.4757578786691093E-002   1.0277098272525946E-002   1.9470727912835457E-002
  -7.1981232550118582E-002  -7.1122200214707304E-002   2.9232043777941249E-002   7.7245917802848646E-002  -3.2942057691391399E-002
   5.7009071224804073E-002  -8.3939219381850491E-003   5.1541269970201371E-002  -4.8948957680166258E-002  -3.8459103700345908E-002
  -7.1071226325611941E-002  -2.4236061966193233E-002   5.1921511234064043E-002  -8.4283365610194005E-002  -7.5967391818733505E-003
   3.9391962421330765E-002  -1.9491501779062358E-002   8.7622386258192145E-002   6.9505843859947930E-002   2.3690343305982148E-002
  -4.8503880272427607E-002   5.4535782423363162E-002  -6.3044461001818944E-002  -4.2826566026431132E-002  -1.1068962159161679E-002
  -7.8411496979370596E-002  -7.8302448665209134E-002   9.7052735944914537E-002  -1.2119006076277307E-002  -1.1030904763626134E-002
   5.4179787981838617E-002  -1.6727225915851905E-003  -7.4305279782183285E-003  -5.6399336421950101E-002  -6.8764292987720230E-002
   7.0562746483657818E-002  -9.1386519173927372E-002  -3.7479968093425180E-002  -6.9044549362305405E-002   1.0926015190684287E-002
  -9.4763794150433553E-002   5.0959018516701898E-002  -8.2952436212138742E-002  -4.9463417807142154E-002   9.7473451608389577E-002
  -9.2208924737273712E-003   7.6109238626888972E-003  -6.6275973123744752E-002   8.0648507861059801E-002  -6.5677310684982781E-002
   7.6687086790858630E-002   7.4719244087193562E-002  -4.5632148055846630E-002   7.3068364561770627E-002  -7.6537975877432732E-002
   2.5447412899308332E-002  -2.6779180576763553E-002  -8.2400707010147164E-002   6.7611853991422916E-002  -4.6681048967132530E-002
   6.2939370964673072E-002  -4.1808711375322688E-002   2.0831103071721872E-002   2.0895845690901565E-002  -1.1269409796815273E-002
  -1.0040364760259192E-002  -5.5192848461897336E-002  -7.5730821850253802E-002  -9.4627349217641085E-002   1.8322906403827856E-002
  -4.8250889998316893E-002  -9.1988017310556863E-002  -4.9143891138283703E-003   1.5513655657170916E-002  -1.2839928917056870E-002
  -4.9486180244118438E-002  -8.4271040353325333E-002  -4.3212200220885330E-002  -1.9682170166008098E-002  -5.2122173744245048E-002
  -1.9771665294163385E-002  -7.0079046164968864E-002  -9.3534720865612833E-002   7.5552633630889404E-002  -9.5717610494448324E-002
  -6.5240328505161149E-002  -8.1610770995201407E-002   9.5355550241786359E-003   2.6445604955796075E-002   5.4117436140990807E-002
   2.0838295437660127E-002   5.7196362232260649E-002   9.3948256288522575E-002  -6.8407134494475053E-002  -6.4345590896881188E-002
  -5.4868954068587696E-002  -5.6458713469914691E-002   1.1014449754029779E-002  -5.2450226317024978E-002   8.2134981626855539E-003
   7.1447427703593858E-002  -2.4261040171537299E-002   6.8002521071315894E-002   8.2388305488970970E-002   2.8389488165310093E-002
  -4.1165023970427143E-002   2.5649167121711884E-002   5.6818371988473775E-002  -4.3634694336210582E-002   7.7210381090629415E-002
   2.2962363792187923E-003   6.1766416028975153E-002  -1.4250250392341412E-002   4.0219100649675835E-002  -3.3940399281398137E-002
  -1.1044827436439090E-002   1.0711287139807294E-002   5.9980390211340259E-002  -2.6679942154119566E-002  -1.0412262178587164E-003
   6.7846557187790688E-002   9.4292068124762596E-002   9.0507060084343852E-002   4.8225599499845589E-002   3.1811229860116058E-002
   1.2207904978028365E-002  -6.8068440056457888E-002   8.2380483807655572E-002   9.6266374842386065E-002   3.2873978140090354E-002
  -5.5262862000112344E-002  -7.9808303305509642E-002   9.3300465465781190E-002  -2.7217157913454474E-002   9.4068924550193750E-002
  -1.4501025426488191E-002  -1.0678361000892065E-002   2.8453427480557045E-002  -1.8555118556019691E-002   8.6420177733738529E-002
   8.1837305659401657E-002  -5.5752749489394827E-002  -4.0761753465480166E-002   9.3668724901151842E-002   6.8331032529320837E-002
  -9.2840487744632660E-002  -3.7198235091735345E-002   2.8869438786213765E-002  -6.6023595298646348E-002   4.9566158277801343E-002
   4.2065641308707866E-002  -7.5118193972138883E-002   6.6979259299829272E-002  -4.9589794630381628E-002   2.9776633620905914E-002
   3.4181107929813909E-002   3.8547460046894522E-002   4.5647199306102969E-002   4.5117355093153566E-002  -2.4807665069489924E-002
   1.3632061674900589E-002   7.3081761050976454E-002   7.6368377929248846E-002   7.8858022341494846E-002  -5.9201070375640034E-002
   4.1436118159756334E-002  -2.8700811449588661E-002   8.9015933563423383E-002   4.3847179829680838E-002  -4.3932850508586044E-002
   8.2053746013442022E-002   7.0043855003371500E-002  -9.4363564034460876E-002  -6.7216745085709406E-002  -4.5908795700732467E-002
  -5.2086674700126595E-002  -2.0790904530913427E-002   7.8951714460095204E-002  -4.8122113483177804E-002  -6.6039166958403006E-002
   8.4686495932765588E-002  -2.9472459950115069E-002   3.4655036332378764E-002  -8.9123778760785921E-002  -3.7030400907722930E-002
   5.9669853056640396E-002  -9.4156391365731021E-002   9.9325043915365924E-002  -5.6970339355377805E-002  -5.9021720592211654E-002
  -2.3844414344958119E-002   9.7308775055182400E-002  -9.4006216679948809E-002  -1.5569992845239074E-002   4.6669418364754328E-002
  -8.5685518279235456E-002   8.9199303944343222E-002  -3.1892764336868373E-003   7.1618515312912578E-002  -2.8849155996432060E-002
  -1.9328385447457453E-002  -7.0467758025763910E-002  -5.1113353607203029E-004  -5.3924033532042420E-002  -1.0326494518580340E-002
  -4.4808370623283619E-002   4.0054696657459275E-002  -7.9172943246198946E-002   4.8449229232008971E-002  -1.1915267577224336E-002
  -6.3150681775676745E-002   6.8869500950697868E-002  -2.9437464353545082E-002  -6.0811301112067673E-002   7.4219852884003457E-002
   7.3528885406706518E-002   8.2183733492978028E-002   2.7472410723409574E-002   9.3989971059985581E-003   2.6205387721484992E-003
  -9.5160290877514153E-002   8.3484027763977182E-003   7.1217468150365356E-003  -2.5444629696553492E-002  -5.6750677706269466E-003
  -6.3183074840423015E-002   4.2887810541082483E-002  -8.9507984898598431E-002  -5.6408970421639060E-002   8.2878197340999799E-002
  -4.0078757163749673E-003  -3.4898118065229397E-002  -3.8485725691138027E-002  -2.6793780160501077E-002   3.6305747176166990E-002
   8.0054991416318291E-002  -7.0010488063577597E-002  -6.2899903844251093E-002  -6.6424656362003037E-002   5.0970869044495867E-002
  -2.2079972490575894E-003   5.0208012133468087E-002   8.4545585754433897E-002   9.3612974034383040E-002  -3.5401162243142610E-002
  -5.5557908864460874E-002  -1.6466138391336000E-002   3.8321685443867826E-002  -1.0719980694770490E-002   1.3393519543055073E-002
  -7.9118021921430581E-002  -1.8733335270896039E-002 -0.10013123484705394        4.0236588033880583E-002   6.8095478822138886E-002
  -7.6083936085559523E-002  -2.0815954731872043E-002  -5.5560168615961775E-002  -5.6490714233086381E-002  -9.1770065954457913E-002
  -9.8892222138200633E-002  -1.8677657252541988E-002  -5.2252502285532715E-002  -4.1669995884655107E-002   4.9609636722476598E-002
   4.6480984411258232E-002  -2.5382063651295920E-002  -7.7666895951948953E-003  -4.0525883938096079E-002   9.2916354703777640E-002
  -1.5244488346818174E-002  -1.5684631674478516E-002   7.9304734956022263E-002   8.9948719695598478E-002 -0.10120213326852499     
  -5.2358047253759261E-002  -9.8302930612331127E-002   4.1670083973966029E-002  -1.3746991694619225E-002   1.0542181978962433E-002
   1.6954172229757428E-002   6.3990326187380958E-002  -5.9282795566149647E-002   3.0814513862458655E-002   8.3923330428051959E-002
  -7.8083195256512222E-002  -5.3210409912152638E-002  -8.4265391576648710E-002   9.5993242513227453E-002   8.5628141217478845E-003
  -6.5852225015785831E-002   1.9924034571280002E-003   6.4016637441824203E-002  -4.1842518174836342E-002  -4.7431450933633310E-002
  -2.8904078324367470E-002  -2.0068220848065820E-002  -4.8333000301661017E-002   6.6017421189749390E-002   9.0084051207579133E-002
  -9.9250740859839259E-002   2.5865644770940163E-002  -1.9885077094232177E-003  -6.2198149133078383E-002  -5.1135161899940391E-002
  -9.7153214911423771E-002  -8.8881963439267422E-002   2.9981671040140101E-002   5.7797502090918808E-002  -5.4304406738840613E-002
  -8.6150375958668091E-002   4.4460267847251829E-002   8.5846745488770027E-002   8.3919219769487421E-002   7.2546538310671010E-002
   2.3374382600436280E-002  -1.8927276037104066E-002   3.2395417143383739E-003   4.7372591656048707E-002   2.9738410711272138E-002
   7.0185141902354489E-002  -3.1048135747856722E-002   8.7381575872412340E-002   7.8315907158897732E-002  -7.4581908732446814E-002
  -9.7948032711147048E-002   1.9872331447016802E-002  -2.4771997512786834E-002   4.2123344367807958E-002   1.1463418777625257E-002
   3.8504315303074958E-002   3.4031392155324545E-002  -2.1141230286061435E-002  -5.7990793443021188E-002   7.7492245948905414E-002
   5.0463341837133489E-002   4.7134086564980776E-002   5.4636381888675277E-002   9.0457792125705511E-002  -8.2871459903297515E-003
   8.5656927652774911E-002   8.2178104040730893E-002  -5.8618852045413436E-002   3.9250915753603127E-003  -1.3697603154462397E-002
   2.1290494638405009E-002  -5.9061320431326884E-002   5.3859050715621998E-002  -8.8313304450626101E-002   2.5510997103751949E-002
   9.4266097465821486E-002  -3.7973152167131041E-002  -6.3050066862141235E-002   9.1362369902625619E-003   4.3620676788512044E-002
  -1.8075899474857333E-002   4.9826606276774599E-002   7.5941323123275312E-002   7.7954285862697675E-002   1.7532981131483431E-002
  -9.7051236327285365E-002  -7.2927190952218501E-002  -4.4639381534832670E-002   2.4824057411028128E-002   3.1920414450348072E-002
   6.6691206264187397E-002  -7.0250639705085077E-002  -9.5728833162613880E-002   3.4657280797068639E-002   8.7453562998569184E-002
  -6.6282825154329345E-002  -7.8987393165908786E-003  -7.3166967693251386E-002   2.8485247756530090E-002   1.3432419843576248E-002
   2.8575635751908971E-002  -7.5026357801792676E-002   5.4150452480466869E-002  -8.5959173038523462E-002  -1.4815128952145696E-002
   6.0938532893128304E-002   7.3304439436357616E-002   8.3463748276457819E-002   7.7582924453994617E-002   7.7019021936007528E-002
   4.3122458246429164E-002   5.1481786308891553E-002   9.2900047239912863E-003   1.3898243982360660E-004  -8.9130360699108499E-002
   9.1632635177105515E-002   3.3725766425608282E-002  -6.9774059757482257E-002   4.5328962663680292E-002  -6.3206214475335004E-002
   1.5730277582474157E-002  -8.9550688992816957E-002   2.3710258994236445E-002   8.0395978893794143E-002   3.2104631679373413E-002
  -4.4961698500900439E-003   5.8444409124576747E-002   5.2304196910069212E-002   4.5899050484173504E-002  -8.5267320234355903E-002
   9.5851216157781929E-002   7.0955401068336824E-002   4.1317059756406746E-002   9.6070542785570895E-002  -1.7195428144714357E-002
  -3.4037326801690054E-002   6.8857178601913760E-002   2.1312516634347527E-003  -5.0038375015906786E-002  -1.1021442305401575E-002
   4.1883447242945682E-002  -2.7550667339324906E-002   5.7661282484286112E-002   6.8105726025921867E-002   1.4029018681834532E-002
   7.7743146590229753E-002   1.3650402336540022E-002  -8.7468675544458613E-002   7.7214926584918950E-002  -4.4260004206231628E-002
  -9.0666026239237973E-002   3.2103311499985326E-002   1.4488592353400090E-002   5.9626317895885531E-002   7.6755069532177825E-002
   9.6435495079800232E-002   1.7650491061888821E-002   1.1107850608404853E-002  -4.1345268270124039E-002   7.8013340019635141E-002
   8.7557933476034022E-002   6.3703039793010299E-002   3.1571992139533697E-002  -8.2482590882499804E-002  -9.6254644563455102E-002
   2.3247541522422015E-002   5.6752441596729292E-002  -9.1321005559778373E-003  -2.1124725730214951E-002   4.0156175260565481E-002
  -7.5121939334300600E-002   9.2414450847329840E-002   1.1398224361425164E-002  -4.5523237864237676E-002   7.9627006707132353E-002
  -5.2573445784081997E-002  -7.5857822641997627E-002   1.7085573720159529E-002   6.3363078313634233E-002  -9.2999416222999245E-002
   9.2195304259407897E-003  -2.5880674299260581E-002   7.3562874878221503E-003   1.7240773236498596E-002  -6.7393797421076457E-002
   6.7239098618822934E-002  -9.1023430673351294E-002  -9.6809562194524815E-002  -1.8389224867263396E-002   3.5386708391497268E-002
  -8.8638516081060853E-002  -5.0124765823150716E-002  -4.9060213452061199E-002   5.7396529444716446E-002  -5.7367366500165946E-002
  -5.0520990074975694E-003  -7.3219167222179832E-002  -5.9192298742966824E-002   4.1782629366799669E-002   3.7294449199617274E-002
   6.2793802428695367E-002  -6.2119572599757811E-002   2.4788965371851615E-002   2.9507407272977248E-002  -2.9757676880305690E-002
  -3.8117002852557889E-002   2.9954645583614457E-002   4.3238873481437706E-002  -2.1296395890888775E-002   4.6968920453704176E-002
   9.8193361107265245E-002   6.9197637689286384E-002  -9.1564101866655007E-002  -9.1689519486227618E-003   1.5195570524870491E-002
  -5.1734882128088862E-002  -5.9677905571422253E-003   3.2224451929728566E-002  -1.5695571919705956E-002  -1.2135643766047798E-003
  -5.6065567399757231E-002   1.0518027695950595E-003   7.5122347572992632E-002  -4.0189868427724866E-002   3.9970406608681478E-003
   9.9130123420572216E-002  -1.0729270012646032E-003   3.2378953094537706E-002   2.8675032308003209E-002   3.3873711179671633E-002
  -3.1314969632715720E-003  -1.0366289282154093E-002  -6.0467037497085312E-002   7.8869978800675269E-002  -9.9731691323479268E-002
  -1.5606717562623256E-002   7.2366725768424983E-002   6.6244640718164952E-002  -3.0836655626361061E-002   1.2837331384987048E-002
  -9.6357102043386350E-002   1.3517028613866649E-002  -1.8903677512443460E-002   5.2090843918348201E-002   1.9730266955227528E-003
   6.0848254198257019E-002   6.8169268809213673E-002  -4.9719146462943307E-002   2.0771543263498001E-002  -6.8283776442826764E-005
   2.7996929926782058E-002  -5.5902241484456237E-002  -2.0163068085549501E-002   8.5285857418427577E-002  -4.8863429413582926E-003
  -3.9569684397618252E-002  -1.8429831212210080E-002   3.0054878760479860E-002   4.1566376931560539E-002   6.2386255072597180E-002
   6.8717474653674213E-002   8.1833587147873265E-003   2.1443264867645011E-002  -5.3843648697438483E-002   3.6152011797084653E-002
  -6.3795944784592232E-002   1.7678348922847992E-002  -7.3956347280973403E-002   9.3044588181394935E-003   8.7343952281957016E-002
   4.5590043609553120E-002  -7.5124123312995020E-002   8.1965230688769417E-002   3.9388534084439070E-002   7.0512223522117237E-002
   1.7189718585554434E-002   1.8910900404202652E-002  -8.8540339744056257E-002  -6.7218051800545270E-002   9.6229899796689639E-002
   2.8365037072374869E-002   6.9201980743077110E-002   5.9714064823129694E-002   7.3852659711428098E-002  -6.7712076204784810E-002
  -5.8660634175459220E-002  -2.5231506283166956E-002  -4.9257160440632664E-002  -4.7299379812848668E-003  -6.5454646266882729E-002
  -1.7466009545206076E-002   8.3775906769791977E-002  -5.1378585653970146E-002   3.1409346691321713E-002   8.4160982967439985E-002
  -2.2409251272618499E-002  -3.3929333239296346E-002   1.7124839759270327E-002   4.3779477061125054E-002  -7.1378854813770418E-002
   8.7530053639048713E-002  -6.2552636272476966E-002   7.5728150339261835E-002   9.2000511053134046E-002  -2.2086563528739261E-002
   7.9841497294142749E-002  -3.6361760171063816E-002  -2.9161940092212450E-002  -1.0258621203245461E-002  -7.9914038307781127E-002
   4.3108753853196305E-002   4.5406260327902348E-003 -0.10004673874197438       -9.2541285173327673E-002  -1.0752885497455568E-002
  -4.0587154222398329E-002  -6.4612560098662258E-002   5.9576270137328531E-002  -4.0782556653001061E-002   5.5447199501206509E-002
   5.7059166208190466E-002   8.5415860115197070E-002   2.2479288533963922E-002  -3.4117476314444693E-002  -9.0386781179923985E-003
  -7.0667279244144426E-002  -4.9986175897184022E-002   2.0790406163695180E-002  -9.3474731071552908E-002  -4.9058095037214464E-002
  -5.9494400994583481E-002  -2.0909808108442302E-002  -2.1096730605838450E-002   7.8280037378200190E-002  -7.3863814060334168E-002
   2.5042160586194521E-002   1.5368624734223202E-002   2.8201384489829867E-002   1.9952068956071316E-002  -4.3934394672288497E-002
  -2.9009420410027079E-002   2.2087998812321660E-004   4.3313412253890245E-002   3.2476868640864201E-002  -6.6533588182087391E-002
   2.9842658849307528E-002   6.0396865123835311E-002  -1.3738064657437338E-004   8.6819148393687123E-002   3.9207378110975001E-002
   9.3565684622435669E-002  -9.5388195899071646E-002   8.3873999043185279E-002  -2.0121164596733212E-002   7.9900456428996597E-002
  -5.6356306100541535E-002  -4.0098424381882596E-002   4.5952594961599591E-002  -4.0944521438817542E-002   2.6000057595123843E-002
   3.1924148010437782E-002  -9.0483863544896972E-002  -9.9427371056091979E-002   8.3717660456822870E-002   1.1603010535715174E-002
   7.4737097238646036E-002  -9.4367512584902516E-002  -2.6037135940446560E-002  -8.3674031191714043E-002  -9.8763179613098023E-002
   3.7938251585656550E-002   1.5019244714991629E-002   2.5760459746319374E-002   2.8063512189234616E-002   1.4826656106692785E-002
  -8.4329833678018787E-002  -7.3575523717163929E-002  -6.3771490738628631E-002  -3.3674879394306363E-002   7.5696150091050865E-002
   7.0194013393808402E-002   5.7363283595355745E-002  -1.9513645243328107E-002  -8.6307136272267090E-002  -4.1630763234279271E-002
  -7.2148257801690763E-002  -7.4278955694385427E-003  -5.0265200505425642E-002   9.2008332812057975E-002  -6.2809902244085156E-002
  -9.5980704824559018E-002   9.0476037754321309E-002  -5.2635351425494220E-002  -1.9853895062629082E-002  -9.8204540489913422E-002
  -1.4624839644725907E-002  -7.2418054454283943E-003   7.6873275937065968E-003  -8.9358110252074616E-002   4.2549778511844528E-002
   1.2254515728654760E-002   5.1045247665844166E-002  -7.7053723931226170E-002   4.1502921341209496E-002   4.9527932190097906E-002
   2.7312507936533569E-002  -2.0639403744014847E-002  -4.7596967816996794E-002   1.2690106124463451E-002  -9.9479605947005445E-002
   9.7941379761700906E-002  -4.3395120782070126E-002   6.8798694942536584E-002   7.7963795423718757E-002   9.5851248982455339E-002
  -7.5581968947376413E-002  -9.9047518991657882E-002   2.0093256086379740E-002   7.0786079720704792E-004   7.9173622023431769E-002
  -9.7932527293693922E-002   1.4453188940166617E-002   3.3113590523155566E-002   6.8500018225229317E-002   7.1049910313608720E-004
   6.1567629741051656E-002  -6.9967118547776680E-002  -9.3116596910514646E-002  -5.1633121221570523E-002  -6.6265936900225392E-002
  -6.3355774256575181E-002  -7.3658612930048425E-002  -2.5972555026335862E-002  -3.5469530790806517E-002  -8.9582027722037147E-002
  -8.7368636829382881E-002  -4.8532027142737265E-002  -4.4411183231367120E-002   4.6546409805444146E-002  -3.0753250079575797E-002
  -1.8910085990049095E-002   3.6883222107782006E-002  -6.7146968381758806E-002  -1.8442907644378288E-002   8.7916186180672623E-002
  -4.2598096198614065E-002  -5.3808171257518786E-002  -5.0195444271976086E-002  -2.8391406066737773E-002  -6.0117934564850118E-003
  -9.7551923133752994E-002  -3.5739732830874948E-002  -4.6309699170287072E-002   6.8277104081687273E-002  -7.2224498826518713E-002
   1.3160849098396325E-002   7.3590576471527516E-002  -4.9246895910861690E-002   7.2267145976084232E-002  -3.6889723944988760E-002
  -2.3448952630964501E-002   9.2396570155956120E-002   7.0007504943757723E-002   9.3911036646278381E-002   7.8707138937837651E-002
   4.1350749352093784E-002   5.5624412245692506E-002  -7.9728546448891019E-002  -1.0410906503929531E-002  -4.7621363053244596E-002
  -5.7642362273097804E-002   3.9775941681099686E-002  -6.3058940883733622E-002   6.9419705447914745E-002  -4.9972631763721229E-002
  -8.3816558573718392E-002  -7.1892906524927996E-002  -9.5533319907497069E-002   7.1852872408451368E-002   6.9488873207241647E-002
  -7.3318078928793259E-002   7.8770356283038842E-002  -2.7049058671444567E-002  -4.5749932971908512E-002  -4.2367601262979233E-002
  -7.1838711236618766E-002   4.5884619220651436E-002  -7.0911476504318316E-003   5.7716337060136173E-002  -9.4974760739970812E-002
  -8.0318227879030823E-003   3.5762723166419479E-002  -8.7977752164266218E-002  -7.6336845714489093E-002  -3.3241410443232693E-002
  -1.1663384617809868E-002  -2.2322008271592902E-002  -7.4551433516477056E-002  -7.0641000109522858E-002   7.3009408721607355E-002
   3.0233447653034529E-002   6.1089691911005405E-002  -2.3814010331691820E-002   3.1965578842331192E-002   3.5554510698238749E-002
   9.4431549941316334E-003   9.5717581809310004E-002  -7.4050944980403825E-003  -1.2912113652387152E-002   7.0660649157570671E-002
  -4.9950773257399980E-002   6.8953112853362239E-002   8.7748899015386003E-002   9.9440871773807837E-002  -7.6110605829547845E-002
   7.4641553221224080E-002   7.9529987055338119E-002  -3.4920109124899450E-002   4.2515391709308688E-002   5.9855218648159576E-002
  -5.3824914386519734E-002  -2.9780791850327108E-002   8.0818725867471186E-002   4.7959176496456264E-002   6.0469093360022527E-002
  -3.1299158452924726E-002  -4.0456016464604019E-002  -4.6714723044806339E-002   6.0933922750749339E-002  -5.4921014596199136E-002
  -5.2002441401181251E-002   1.0721470139700630E-002  -2.1804838285794444E-002   1.8030375066435400E-002  -1.4236763456317979E-002
   6.0803978166535974E-002  -3.7015677921561317E-002  -4.3337892174330470E-002  -9.8561540732553715E-002  -6.2303998527762985E-002
  -1.7388994735692510E-003  -4.1995518958810478E-002  -7.4976919845147844E-002   6.6245301583437999E-002   5.2126819715254992E-002
   7.4906117058807925E-002   4.6918907759343084E-002   9.0528354612289683E-002   6.4272966923530295E-002  -3.8565753735091308E-002
   8.7724936356141245E-002  -8.5956119591897792E-003   4.8652711567008629E-002   4.6680897624758232E-003   8.6544267316701465E-002
   6.0973749078087752E-002   3.1671061577833337E-002   5.4181657102772986E-002  -1.5941743871453792E-002  -6.6309042900995846E-002
  -7.2346528519105904E-002   5.0764177744216425E-002  -5.6487076079169418E-002  -2.1174965309647253E-003   7.4930683364769518E-002
   4.0986643757890281E-002   6.0653566474157851E-002   4.0552481795639028E-003   9.6441873188969088E-002  -1.9545657556814866E-002
   5.9012996466893529E-002  -1.7969201992589844E-002  -7.5880300103618195E-002  -5.7293941546532209E-002  -1.0544495727875971E-002
   5.2085520293601695E-002  -7.4106238951865744E-002   7.4152268845194033E-002   4.1934855677369870E-003  -4.9107516354969800E-002
   1.5849957531767579E-002   3.4598041715953202E-002   1.2750122144220845E-003  -9.9636957325702269E-002  -9.2305709890454266E-002
   1.0420659332090446E-002  -4.5067115362866832E-002   8.2299116393723240E-002  -1.0157151949110262E-002  -1.5584095113119817E-002
 -0.10296519010751005       -1.1628703664983800E-002   8.0866240358872188E-002   1.8397615247876125E-002   7.6556027825403827E-002
   2.3720958286883562E-002  -6.0898998339812591E-002   1.6416084918600436E-002  -9.0821952039722320E-002  -5.2403821638222402E-002
   9.1632792029042454E-002   5.4112549156687770E-002   4.3309998045698662E-002  -3.1801485225517498E-002   9.7077908359862367E-002
   1.1269849230231985E-002   7.1781783691293927E-002  -9.6602338415232414E-002  -6.0767783870767207E-002  -4.4120682531735046E-002
  -6.1428435339959037E-002  -1.7369969518770945E-002   7.6964433870045118E-002   1.3885835207316838E-002  -6.3391807421701904E-002
   6.5907941968873826E-002   7.5600086669626212E-002   4.8448686490582780E-002  -7.8438416249675152E-002  -7.1192237702118216E-002
  -5.4170787029308179E-002  -2.4196852401478130E-002   6.5425564543423673E-002   8.4160804726237437E-002   2.0806588368729055E-002
  -9.8466711741904522E-002  -5.8290082985063892E-002  -7.8162079407420398E-002   7.7464897262012750E-002   9.9175742984465076E-002
   8.1054770513610083E-002  -3.6536262189754629E-002   1.9084234786530922E-002   7.3393481522263881E-002  -5.1012908190079496E-003
   1.8922923289642193E-002   8.4291486870311794E-002  -6.9118328404377455E-002  -2.3589847916516141E-002  -4.3069427818285943E-003
  -8.9931016044123499E-002  -9.4176873125991337E-002  -8.2872281506320283E-003  -1.1280726906423870E-002   7.2492059369041101E-002
  -8.5961683302662566E-003   6.1399478842453252E-003  -4.5585503133020816E-002   7.4469569191549220E-002  -3.4976297525872217E-002
  -9.1559002972833592E-002  -6.9565911890457313E-002   7.6446662139058055E-002   1.4854324199526739E-002   5.8272005078177258E-002
   8.3085533927574770E-002   6.5764367687633760E-002   6.6035089702914149E-002  -5.1498017376656421E-002  -9.1647516384134445E-002
   1.0130054435308095E-002   5.9154661516560042E-002   6.4041974716343653E-002  -4.9200694549291588E-002  -1.1674984957585417E-002
  -9.2126426740298598E-002  -2.4836719273423940E-002   7.5014005559240746E-002  -2.0087852068381689E-002  -8.6124985291006095E-002
  -3.5556212056014981E-002  -3.5192249636225720E-002  -5.9395492254065700E-002  -7.9330347636719801E-003   2.7139612391324144E-002
   1.7338359163257749E-002   9.7480836903882900E-002   2.2656372292607502E-002   8.0969632342685671E-002  -6.3753260159516600E-002
  -4.7360192066260784E-002   2.4467644083549654E-002   4.0035518012121872E-002   8.5884518102416121E-003   1.0060875729493584E-002
   1.5725661724758533E-002   2.1281873426676676E-002  -8.9580498034117370E-002   5.0455831587475589E-002  -1.1192093542052689E-002
   9.1199769036136677E-002   3.4111063258142123E-002   2.8643749846315788E-002  -7.0106954395948551E-002   1.0654512333685515E-002
  -8.8351427004855834E-002  -1.4585303217383877E-002   2.5424757881819651E-002  -4.8213936885881201E-002   6.9288516629416375E-002
   5.6974970935411075E-002   8.0551633711724996E-002  -5.5223782509681726E-002  -5.0990920622149723E-002  -1.1077097935201364E-002
   5.8758014762144456E-002  -6.9738867445531358E-002  -9.3605690021125579E-002   9.3256456619321110E-002   9.5970360700539298E-002
   1.8421378897877985E-003   5.2293977354005712E-002   2.8196738245787969E-002   8.5304637755976173E-002   6.9978949502707735E-002
  -7.3563578905369853E-002  -7.1302038001856069E-002   7.8450788575197078E-002  -8.2024653471628201E-003   9.7714995499233612E-002
  -9.6675493372947049E-002  -8.5133717820303576E-003   5.5883081573073444E-002  -7.3929782798199978E-002  -1.0662874896043600E-002
  -4.6072877176859617E-003   6.8006434742530902E-002   8.3840489733208512E-002   2.3982932583470260E-002  -1.0830179658225882E-002
  -4.8625842844353388E-002  -5.8497484642538136E-002  -4.0189505478045409E-002   7.8940950671439858E-002  -3.7162901042548317E-002
   4.1972746543184778E-003   7.7535618255339001E-002   2.7985107743197873E-002   1.8642016070707111E-002  -8.0599193442202635E-002
  -5.8615768351758323E-002  -9.5388413933271299E-002  -3.3383183019300336E-002   7.6229456485842839E-002  -3.5295712070830737E-002
  -7.2899183177643212E-002   1.9847215831121361E-002  -6.6866718453870988E-002  -3.1380149691332272E-002   1.9369210313889131E-002
   7.8620352377106059E-002  -7.4061588639908513E-002   1.4376905144899926E-002   8.4095598882591993E-002   1.4946635359598132E-003
   5.3400164408040678E-002   5.5048605978954404E-002   9.2441134154417320E-002  -1.7307536248205545E-002  -2.9256182728005169E-002
   6.8533736027993786E-002   1.2611029277485968E-002  -5.9723335533866065E-002   8.2851295682002529E-002  -4.1483074337661748E-002
   9.4083614670137913E-002  -8.3223941891024302E-003   7.0055016879796997E-002  -5.4859760773371638E-002   3.2124601154346989E-002
  -2.5134150843792270E-002  -4.4791338828706694E-002  -5.2575369329728124E-002   5.3362882435372065E-002   2.0999957612442390E-003
  -5.1284049627748664E-002   2.9423165171957623E-002  -1.7598113383538349E-002   1.6284106017110497E-002   3.2326029127155184E-003
   9.6388443678350255E-002  -5.6724267918012224E-002   9.5148192883378419E-002  -4.4033171852296653E-002  -4.0915085101927186E-002
   8.8628963633121602E-003   9.0224016920020023E-002   7.4334678714116351E-002   4.0378866826729486E-003   9.6735128112282756E-002
   2.5131643275531100E-002   7.4106771070219207E-002  -9.5346894601110302E-002  -4.6152854613763894E-002   1.5224835902633375E-002
   1.1388177894247476E-002  -7.6399770164125538E-002  -3.8416039828104158E-003   8.8016891431361668E-002   3.2525309469524200E-002
  -9.9281577951221514E-002   9.3389559908300390E-002  -9.0896901220883897E-002  -3.7173011498284640E-003  -6.6052375292231374E-002
  -7.3674161326907295E-002   9.4427481695065138E-002  -6.8122839523320128E-002  -8.9258269247118063E-002   2.3880623218173351E-002
   5.7427639777385429E-002   4.1445119580984617E-002   6.9051064380656175E-004  -6.7797921921419466E-002  -7.5061319591887707E-002
   3.7939021496408591E-002   1.6014861905375748E-002  -6.7990879320971406E-002  -6.8404831587536505E-002   8.2860004129952536E-002
   9.4171725593588787E-002  -7.4895729112307144E-002   4.6534476219496079E-002   3.6880814105103452E-002  -6.3502587773409863E-002
  -9.3725532788793808E-002  -8.3374024963522156E-002  -1.6486979726844299E-002  -9.8748096414296438E-002  -4.6007750472726150E-002
   8.7144612080262765E-002  -7.9968392818896686E-002  -8.9883887610231597E-002  -6.3200514801368013E-002  -8.9270496746380157E-002
  -2.5911023545178040E-002  -1.4163428518996824E-003   3.8677958189373952E-002   2.7925679330273526E-002  -4.0777139113863286E-003
   1.8342931807581293E-002  -5.3615884250973779E-003  -9.3652394807512210E-002  -6.9066235755652239E-002   3.5613014984093083E-002
  -9.4715812303313732E-002   1.1543367589384916E-002  -7.7788404945734690E-002   5.2813678925471438E-002   6.6337098266361482E-003
   9.9870092809723247E-004   3.9537932742316699E-002   7.0504451910444216E-002  -8.7178360038002375E-002  -4.8621280419269365E-002
   5.2896830942208990E-002  -3.2762337279050174E-002  -3.1229382510903056E-002  -5.7743678225970527E-002   5.9798867870473345E-002
  -3.8128019355741477E-002  -1.1526003369007535E-002  -9.0691302064055651E-002  -9.1685608302376362E-002   8.1076679997389572E-002
  -5.0079182127493821E-002   2.7070159969464661E-002   2.0582817237090559E-002   1.4456442358110444E-002  -9.8904453968962233E-002
  -7.2351050353300805E-002  -6.0389678141016367E-002  -5.5442947781910085E-002  -3.8116849925840496E-002  -9.8599089540430007E-002
  -7.5977541356416281E-002  -4.8067666377541084E-002   9.8733936489029103E-002   6.8100401791923476E-002   3.1143114018351285E-002
  -8.7104359330176934E-002   7.9084047862264181E-003  -4.0761346358387886E-002   6.3286076779611539E-002   2.1122699926949269E-002
   5.5790987899808187E-002  -8.5237647511650760E-003   4.9976024344063008E-002   1.6478643872851678E-002   9.1079633959176259E-002
   8.8459616170509570E-002  -6.2854476493250974E-002   1.6546244969048631E-002  -4.7899018820617541E-002  -3.5864223998991550E-002
  -3.5957191690315700E-002  -2.8214372495417770E-003  -5.5118555351134062E-003   2.1003260541037627E-003  -7.9941808517632926E-002
   7.4155645339567977E-002   7.5062314464675442E-002  -5.3686357687378186E-002  -5.5288450090217003E-002  -6.0429374204607179E-002
  -9.2092574724947737E-002  -7.1450136387892230E-002  -2.7623038129680581E-002  -4.3021856203342569E-002  -7.4519478353609172E-003
   6.6335976732511986E-002   8.8984436303213649E-002   9.3581257262107531E-003  -6.5552579365906209E-004   6.5145507605354716E-002
  -7.9645434269117202E-002  -4.2028386300749294E-002   5.7222065537864610E-002  -8.6845488825230216E-002  -7.3015918913517733E-003
   1.8923515345113297E-002  -4.4093954789767346E-002   7.6840607684873038E-002   1.2923231905816747E-002  -9.3975994657407493E-003
   7.2745941361013380E-002   9.7712534242684168E-002   9.3629673524882828E-002   9.6621048327722961E-002   3.9680610848953489E-002
  -3.4669332047708952E-002  -9.8048418713415127E-003   4.4515074367074248E-002   6.4571383775635843E-002  -1.5866475129334028E-002
   4.2201057481722794E-002  -8.7601499920564152E-002  -2.8785092590427205E-002  -9.0043137081853561E-002  -4.9353650687591004E-002
  -8.8108413701821098E-002  -5.6304620078202680E-002  -9.5178204166631739E-002  -6.4580647133118202E-002  -5.1658086886533276E-002
   6.0190686691036881E-002   7.2734066366071146E-002   9.5131049519426622E-002   4.2582490400036969E-002  -7.5321372390432392E-002
   6.7520353214075068E-002  -1.8141034373214168E-002  -3.9595872059729011E-002  -9.6785130719151360E-002   2.1697801696341890E-002
   8.3889875502561523E-002   9.3331974666481965E-002  -6.8373670863396019E-002  -4.1843382368711483E-002   9.0247116463633578E-002
   8.6919816587346377E-002  -9.0442046160231701E-003   3.7874948762117652E-002   7.7040228457001980E-002   6.7606335003833978E-002
   1.2267777761764803E-002   2.1205608649429455E-002  -4.0978405270845751E-002   5.4840990296425092E-002   9.2217010093692306E-002
  -8.5298871269141902E-002  -8.0263006529642286E-002  -1.1663173358979654E-002  -8.2017389374505173E-002  -3.7801019726127497E-002
  -9.7489558426196735E-002  -7.6126150104216944E-002  -4.0081808852674289E-002  -2.3631781760942192E-002   6.6402777281391850E-002
   7.1148415024949799E-002   4.8997861369787128E-002  -6.0141152486168394E-002   7.3729242153731625E-002  -5.5365825075159934E-002
  -1.8505580491997797E-002   3.8933898729547325E-003  -8.8411134491791513E-002  -1.2762334506978433E-002  -3.0256796942490817E-002
  -7.1909901542445850E-002  -2.6649721271959685E-002  -2.6861880756348243E-003   8.3213911799667806E-002  -2.9207854617554138E-002
   2.4746680365429111E-002  -5.1996708116683485E-002  -5.0797460629390889E-002  -1.3887640646451982E-002   4.8753501793290813E-002
  -3.7987218556690662E-002   3.2799007704700567E-002  -7.9929219958694408E-003  -9.6424364866621384E-002  -3.6810547543261823E-002
   7.7810493126110769E-002  -6.9518323658343623E-002  -2.2648257624066491E-002   9.4263258982144604E-002   7.8726944235909757E-002
   6.5694727999591640E-002  -6.0888429754229471E-002   8.3396520190051115E-002   4.1926446290061592E-002  -6.4587326454415249E-003
  -6.5262362180751890E-002  -2.3247902545570333E-002  -9.3622456616258599E-003   6.5638349379158800E-002   6.8275526255358238E-002
   6.1340156179317797E-002   8.1064520167531656E-002  -3.8851114218127945E-002  -3.8823254135068666E-002  -8.2727042830518613E-002
  -7.5397603504668120E-002  -9.8202882558054344E-002  -1.4021381344655654E-002   7.8370993054732909E-003   2.7984568965430372E-002
   3.5053234779409137E-002  -2.1396576407256396E-002   8.3537810057867576E-002  -7.5755516213203838E-002  -4.1081186984799560E-002
  -9.2103789188847263E-002   8.3014317602858254E-002   8.8923212075918287E-002  -2.1776049947451793E-002   3.9316322171859514E-002
   7.5548360047677815E-002   2.3045487714386304E-002  -5.3146315783299793E-002  -2.2991487413301794E-002  -6.7076264945228517E-002
  -6.2972618980209533E-002   2.6223179113668026E-002  -5.0703170735047504E-003  -3.5949405915498417E-002   7.6929915034892639E-003
  -8.7734005970018375E-002   6.7810764735260154E-002   6.3300420844757165E-003  -8.5425908563811548E-002   9.6155708228715261E-002
   4.1697843064519499E-002   5.4897214044281224E-002   2.4061728674481541E-002  -4.0613870272748848E-002  -3.2228647820075909E-002
  -3.7658479958401402E-002   3.6016838450863647E-002   6.9010001460631840E-002  -2.2953393646616197E-002   7.6581132426617474E-002
   2.4272094598187893E-002  -5.6788474298092508E-002  -3.2337753811291482E-002  -6.1312677916555980E-002   6.6721619097291296E-002
  -7.4070411643151465E-002  -2.2059997371559777E-002   8.6990778687556058E-002  -3.5249848441520600E-004  -4.7395765446318482E-002
  -3.4526323583198848E-002  -7.5525913384602628E-002  -7.8110650200198792E-002  -1.6203006690611005E-002   4.7695823551939409E-002
   4.8297960500491731E-003   7.8567403773562403E-002   2.0615131788656725E-002   8.1207434948496360E-002  -9.2338124857761092E-002
  -2.7046498689237381E-002  -4.0038269128765014E-002  -9.6594474669406863E-002   9.5017982280107896E-002  -4.8733163555763912E-003
  -2.0728570717356880E-002  -2.6937515792083117E-002   7.8440825657504057E-002  -3.7369853792699691E-003   6.2536742246028759E-002
   1.3517678107704011E-002  -4.0599308791654264E-002  -5.6092499134497174E-002   2.0954962446634806E-002   2.6722719226947602E-002
  -9.4157785775778879E-002  -5.0323978176982448E-002  -8.3192329598129042E-002   3.8030208639293059E-002   4.9205568562754799E-002
  -4.0993508282953013E-002   8.9877896572884003E-002   6.2604458264554338E-002   8.4650301978538900E-002  -8.8082795385040991E-002
  -6.4696585217313807E-002  -3.5166830014875639E-002   3.2930346610534171E-002   8.9812910583022570E-002   9.4013051670069972E-002
  -1.0198641471947803E-002  -6.4603977512788319E-002  -1.7468941433319746E-002  -3.1819458946412929E-002  -4.4178746495696107E-002
  -9.9795069161710520E-002  -6.6465439082463107E-002  -2.7251339690424141E-002  -3.2755396045196006E-002  -8.2716358462635059E-002
   3.7217680323371402E-002   6.4288535304253408E-002   8.5634330149682816E-002  -6.2216815036148676E-002  -3.2333469780286533E-002
   6.0361847744904253E-002   8.9360507281913623E-002  -5.1708579206511653E-002   3.5134443008012148E-002   8.0214404529720659E-002
  -9.3649164618741329E-002  -9.7909797907812929E-002   2.3850385644027468E-002  -6.5006686938595501E-002   6.3329924287674519E-002
  -1.4266266828984357E-002   8.5130398148010183E-002   9.5186825838782352E-002  -2.3893243761066744E-003   5.9156865771015253E-003
  -5.5154536740508317E-003  -9.7227688730674888E-002  -3.2300246154271468E-002  -6.5254042155433650E-002   5.0841136950651580E-002
  -1.7821665559501966E-002  -9.3566100225168036E-002  -9.1053170890105617E-002  -7.0477678983755830E-003  -5.6860233254812036E-002
  -6.1106278014251697E-002   4.1297881299864551E-002  -1.2463254472838131E-002   5.8250708852583769E-003  -5.2034297279996693E-002
  -7.4863112284430350E-002  -2.4302108626937484E-002   8.0628503395719447E-002  -6.2827934618185144E-002   2.7061898530051087E-002
  -4.8567411336071245E-002  -4.2546209107723526E-002   2.8599767803421876E-002  -1.8572149621923637E-002   2.3628462693522180E-002
  -8.0483178439519736E-003   6.0077809740121411E-002   7.2028843550886127E-003  -7.1577308112984420E-002   7.8267871303487418E-002
  -3.4735158336077022E-002   6.4166419339470218E-002   8.6422814890285263E-002   3.3156632028614012E-002   1.2024143857055001E-002
   3.1474282701335739E-002  -2.6902693960538491E-002  -4.8892135409758328E-002   3.2311783107956647E-003  -4.1042410207985013E-002
  -4.0567369531563702E-002   5.5607808760042489E-002   7.4438670513848532E-002   5.4618884532839133E-002   6.6169537076769161E-002
   8.5040149823659358E-002  -9.4626560064345153E-002   6.3972638692382289E-002  -3.9720971126918268E-002  -4.8247410646004366E-002
  -9.0347883477138027E-002  -7.1028566032592083E-002  -1.7464591196970379E-004  -6.0774250467209461E-002   4.1907094759585803E-002
   9.2271712142649009E-002  -5.9701431241988921E-002  -4.3326615282873746E-003   5.5020343892628158E-002  -5.5934391262597423E-002
  -4.1192190628021166E-002   6.7868406161138969E-002   8.5594818726352370E-002   8.3653535509104732E-002   9.7768741302353690E-002
   7.6685508633467098E-002  -6.1571223369448744E-002   1.4826019570954236E-002  -7.0328226303086439E-002  -8.0535358303677682E-003
  -1.2313089152249731E-002   3.4887825311430663E-002   6.3834821026475419E-002  -5.9159585691202297E-002  -7.6813380123719174E-002
   2.8432232565150532E-002  -2.9589430057910048E-002   8.7833481706894284E-002  -3.0467037186769269E-002   6.5124425731488564E-002
   7.8771538959562404E-002   8.5479782577401586E-003   4.1583109226702199E-002  -6.6712516758418577E-002   4.2651868699064024E-002
   4.4711261775061358E-002  -1.2165814128909736E-003   3.1863514008495554E-002   4.5388385865511346E-002  -9.7261631516136191E-002
   3.2359360500662515E-002   6.7908400254202361E-002  -8.9964168226893404E-002  -5.4335680353931690E-003   5.0771517228474651E-002
   4.6784267297605993E-002  -3.0193022749676925E-002   3.8916301719777946E-002  -1.5380885126522918E-002   5.9665351554923834E-002
  -6.0307450881422600E-002   7.5897178442078050E-002  -7.8012265933246380E-002  -5.6220719967285835E-003  -9.2043346297636858E-002
  -1.1262962594881017E-002   8.4468245847432004E-003   9.3948962489632942E-002   4.4755328136176581E-002   2.6426988193671432E-002
   7.3726787900434338E-004  -3.0573286534835726E-002  -5.1338934397084306E-002   1.4645798584240461E-002  -6.2072701406614375E-002
   1.3676229187918677E-002   9.7109467400304985E-003   4.5580943740503536E-003   7.0320057536194677E-002   4.1517379984048183E-002
  -3.7059484308765947E-002  -9.5418730593029716E-002  -2.7235892608264568E-002  -6.8000169999119023E-002   9.2190793566097967E-002
   1.2988860083616140E-002   9.8598728004732752E-002  -4.0182836362409900E-002 -0.10009477828846336        7.3002013621059500E-002
   6.4956105083259622E-002   2.3899608054735302E-002  -7.0284075746141192E-002  -7.8441467950454619E-002  -7.6632437987132276E-002
   6.2651697968161002E-003  -4.9203478595766771E-002  -6.5498990060485110E-002   5.8822080702659344E-003   2.9158953017741591E-002
  -6.6970576057740150E-002  -2.9699026497028391E-002  -6.9372288215636027E-002  -8.0463154195737404E-003   7.5692843285026573E-003
  -2.9518223749020578E-002   4.4187091254051167E-002   4.8157181605429367E-003   6.9886809430088431E-002  -8.0920904785845779E-002
  -1.9215944151482200E-002  -1.3292586108204199E-002   6.1339770457445764E-002   4.3050573758242804E-002   7.0882765770917330E-002
   6.4312211390209664E-002   8.3355181294479816E-002   6.2708177451975447E-002  -5.1342893820162917E-002  -8.1314942682949809E-002
   9.8583789900483859E-002   5.4016961932373916E-002  -6.0937870200726142E-002   7.0154474390634616E-002  -5.8914594571444219E-002
  -5.7601424457739026E-002  -8.2564193216232526E-002  -9.3584536404107618E-002  -7.6948798644721303E-002   3.1512736196656088E-003
   4.5838235934695382E-002   2.9804550711559984E-002   7.4113184980871355E-002   7.8098698787937418E-002   7.3117678292841382E-002
   6.8031340668341600E-002  -5.6505995552514059E-002 -0.10004642421642862       -6.3755161369972432E-002  -4.4809050623475077E-003
   6.2282579405402889E-003  -5.9956725732893276E-002   7.8375257317641972E-002  -3.9760045349081501E-002   4.8961208104911169E-002
   3.1902132762964129E-002  -8.7631934909647019E-002   6.2366534624434804E-002  -5.3355388603321723E-002  -9.4796459977426820E-002
   2.9138686332979970E-002  -6.1218003460039236E-003  -7.5173161803298652E-002   6.3863111289284291E-002  -8.4646544761169170E-003
   8.8114408010717640E-002  -1.6266577703922418E-002  -3.2092009598584097E-002  -2.7292914738695523E-002  -6.4158151130199303E-003
   3.8701354683950561E-003   6.3676682887827810E-002   4.8945936187511516E-002   8.2406502183796582E-002   4.6523661026317421E-002
   4.9940797436899609E-002  -8.7755069133735805E-002   9.0059225380610175E-002   8.1939268206413618E-002  -7.4122245511287002E-002
   6.0672339793851955E-002   3.3791018618217060E-002  -2.1976757669091174E-002   4.5575129507039999E-002  -9.0157912155139158E-002
  -1.9895388117470204E-002   4.9332490205806490E-002   6.9648923903145338E-002   2.2107059666742861E-003   1.6667746928859327E-002
   8.2039474431649745E-002   6.5432640669663963E-002  -5.9507998232243425E-002  -6.6011945316353474E-002   8.8556741602253741E-002
   5.4189008414926201E-002  -6.3365697575357052E-002   6.8742894040967992E-002   8.5856874856762203E-002  -4.5195551067700013E-002
   7.7123106753041903E-002  -6.8931888891043097E-002   5.1288604056048730E-002   7.4440829357286286E-003  -7.8935629996130449E-002
  -5.1596964334526485E-002  -8.8266775928702620E-002  -7.9029714594928191E-002  -3.7601101255579010E-003   5.4798719674658332E-002
  -4.2634038153695104E-002  -2.5463238331536353E-002  -3.2327617150525970E-002  -5.1530037938400712E-002   8.3619409677622270E-002
  -2.0856970377311452E-002  -3.8711128658229420E-002   7.3622224530657740E-002   8.7001157864055698E-002  -4.4602050199674378E-002
  -3.1567545363681643E-002  -2.4836169931065862E-002   6.8702810662764582E-002   9.2482691340135620E-002  -5.5631841132514591E-002
   9.6546132654617381E-002  -8.6147189916012237E-002   7.0866128185327781E-002   7.6088896013198806E-002   2.9624145223126671E-003
   7.9167716815493186E-002   6.4804607139174264E-003  -8.5824285777168788E-002  -1.9334715985065181E-002   8.0399567891244764E-002
   2.8687202061993627E-003   7.8684147124578566E-002  -7.2576013601788572E-002  -8.9315559959895083E-002  -2.5228906554434934E-002
  -6.3215060439336140E-002  -4.3468423068751587E-002   2.1144541999966248E-002   2.4189938117236492E-002   1.7917712210405685E-002
   8.6955086267905587E-002   2.7781444761385960E-002  -6.7992274507260558E-002   9.6534601067339784E-002  -6.3463673173174929E-003
   2.2767151288534231E-002   9.8450309935251598E-002  -2.0601727262448345E-002  -4.5208234846429760E-002  -2.5860690006796798E-002
   7.0030639916254883E-002  -1.1821578354236808E-003  -9.5740935245002962E-002   6.8793409807217765E-002  -1.5726050184369615E-002
  -3.8475978557075734E-002  -2.2536301460183598E-002   8.7607637430222984E-002   4.2390545104321609E-002   1.5726091246819125E-002
   8.5952806291104647E-002   1.9163128457507717E-002  -4.1597290967344776E-002   2.6663180892989836E-002  -5.1662428255400801E-002
  -9.5620443956939347E-002  -2.6867966488669726E-002  -2.7023820953878078E-002   2.5492536957079731E-002   6.3415154732680376E-002
  -5.6041125587911692E-003   6.8560484345996826E-003  -6.9660945316074641E-002  -3.8477343797191288E-003  -2.0932565751600376E-002
  -8.2273632450369491E-002   5.4051121304385781E-002  -6.0704963881103823E-002   2.4577497871819582E-002   4.1381103257713804E-002
   5.4859816357641464E-002   3.9261950473289654E-002  -7.1306214540512336E-002  -9.1615530454240923E-002  -7.4710901232702704E-003
   4.3413351284225063E-002  -9.6786287190562176E-002  -4.3180134672657598E-002  -6.3046386525084852E-003  -4.8923054201080146E-002
  -5.1619206254384709E-002  -5.9562483279516236E-002   6.0406211008535569E-002   1.1038813466123674E-003  -2.6282109744104696E-002
   8.0746674611730393E-002   1.7068964708210958E-002   4.8138181847674183E-002   6.4037532867202526E-002  -6.6766922463616540E-002
  -1.9823829428999337E-002   7.4591852736503164E-002  -6.6140468430260058E-002   7.5573734191072356E-002  -2.7453610950922656E-002
  -7.2476546603712166E-002   2.8935723893608323E-002   3.1017511638959723E-002   6.0402055513830107E-002   7.7092136024310462E-002
   5.2346222210823109E-003   9.6254114642779040E-002   3.5196598185539524E-002   8.5615766912962854E-002  -2.6664261258092060E-002
  -1.5237375134732530E-002  -8.3433842592102583E-002   5.9860516186445033E-004  -4.9118871722386707E-002   5.3888233619990164E-002
  -7.2613134628418771E-002  -7.8395960876652723E-002   8.6816946916713156E-002  -4.7839097749413945E-002   2.3545077194948114E-002
   9.5303478311439156E-003  -3.6877813695612764E-002   8.6901627184982899E-002  -5.8774490222493293E-002  -7.2426915924323418E-002
  -7.8019381845362806E-002  -2.8061611205088530E-002   3.1811797407228469E-002  -4.8637793080836426E-002   9.3484188413363159E-002
   6.2010122271482407E-002  -1.4358713595404731E-002   3.5169617769542229E-002  -4.2694458111751113E-002   9.4655863129386245E-002
   4.5369979949113563E-002  -2.8176695377025118E-002   5.6909914422380590E-003   4.2112302869469882E-002   1.2767176913561232E-002
  -1.4369522276660468E-003  -4.2542894398325447E-002  -4.1729540158731378E-002   3.5817559533909138E-002   6.3290683563005698E-002
   4.5284711855627949E-002  -9.9461808133514684E-002   4.6110700159793169E-002  -5.7659791968494689E-002  -2.8666918682703650E-002
  -6.2382231323439688E-002   8.6335293434151625E-002  -1.9797646365750942E-002  -5.4353706750952760E-002  -1.7354214774616884E-002
   1.6084428681377588E-002  -2.3786300004669570E-002   7.0403441490696148E-002   3.7214740552327590E-002  -8.0237795240412579E-002
  -3.4751640167813035E-002  -1.3181506422711093E-002   3.8566957070449562E-002  -2.5293121135932670E-002  -4.9117750430566348E-002
   8.6517475859154341E-002  -6.4217199126876096E-002  -1.8402701042980647E-002   1.6191641814548172E-002   6.6438588557059114E-002
   8.5611790253154130E-002   6.9462098616243986E-002  -4.8256123358707312E-002   1.8898182445750655E-002  -6.9045405467541621E-002
   5.0968528507725382E-002  -1.5534474321165934E-002  -4.5613760869705935E-002   5.4812846093580683E-002  -2.7938438994313744E-004
  -2.5685539637616168E-002  -2.6577270856493709E-002  -8.1824976300424956E-002   3.5115599174389173E-004  -3.7590434287801490E-002
  -2.4829562600540908E-002   8.6050828034313853E-002  -7.4042039940399998E-002  -1.6759368697690985E-002  -6.2207785806209621E-002
  -3.1798757371522580E-002  -2.5874374332097563E-002   7.7222052828148799E-002  -7.4371024460716098E-002  -3.1749820676842809E-002
  -7.3369378148845241E-002  -2.0396972282307566E-002   8.3165047086489696E-002  -2.4116760906495662E-003  -8.2131118738444753E-002
   5.2376281940339442E-002  -5.5661891349241967E-002  -6.6809639110509023E-002   4.6034913185295706E-002   3.0287480831638135E-002
  -4.9511304315751223E-002  -1.2300524500659040E-002  -3.9054058885633909E-002  -5.9939203595844641E-002  -9.0954631265872110E-002
   4.0981651266487153E-002   2.7229305454334850E-002  -2.3127950880326546E-002   5.8013337703478454E-002   7.8073564388894207E-002
  -2.1510523500513246E-002   9.1471586759034787E-002   2.8934574137441233E-002  -3.2939691353608844E-002   7.1318027472112730E-002
  -7.1786853114084476E-002   6.4300450088267208E-002  -7.2335728133629734E-002   5.2859630911199294E-002   3.9304853627878084E-002
   8.7488603510185517E-002   9.8558621036105090E-002  -8.1826930407222970E-002  -1.9257337254416067E-002  -6.0178991177955346E-002
  -3.5049838894072975E-002   2.4095863961537917E-002  -1.9673616820525833E-002   8.4519583433484119E-002   9.8321446803803836E-002
  -1.1510170997743372E-002  -6.4600732986821105E-002  -6.9858149114156191E-003  -9.4662862625877614E-003   1.1982317521816101E-003
  -6.9494967052873460E-002   4.5455530259201994E-002  -9.3999592855214961E-002  -5.7482897055492780E-003   7.9514395471021529E-002
   2.7781791460647465E-002  -1.2881967226200200E-002  -4.1114339237928239E-002   8.6881474590601956E-002   9.7949432427354030E-002
  -4.0166612497286584E-002  -1.3738154892731468E-002   3.2803090933583967E-002   8.3022305923603889E-003  -3.4876189583530753E-002
   3.6053610378320500E-002  -9.4723728197183388E-002  -1.7520092776065775E-002  -2.1938912156265044E-002  -9.5904354188942331E-002
  -5.1724118164130702E-002  -8.2551188855217436E-002   9.0264498257602868E-002   8.4762470027899620E-004   4.5657593391429899E-002
  -4.7306123267851309E-002   9.2246825175693728E-002   1.0542993281317322E-002  -3.1558888221498563E-002  -1.3432836284034248E-002
   4.0179429904729731E-002 -0.10020452720099296       -2.1617397899025562E-002   9.7984391454817063E-002  -2.7309295381634017E-002
  -1.9958022638839738E-003  -7.5291290929102764E-002   2.2626934808804480E-003   8.1080651877540919E-002   6.9692290084273301E-002
   3.6311287901469147E-002  -3.1281149629872607E-002  -4.6210550817319646E-002  -1.5173944348625625E-002  -6.0850640623050158E-002
   5.9463965763661621E-002  -6.3900220661596618E-002  -4.0253144536117801E-002  -8.6587771475032493E-002  -5.6433887194225200E-002
  -4.0379106405207803E-002   3.0717044114616839E-002  -7.0122591631535447E-002   7.6588858888193001E-002   3.5402544473158326E-002
   6.7240311221225951E-003   8.4577365597321208E-002   8.6274110499052273E-002  -2.6998059141845200E-002  -4.3028619986853391E-003
  -5.9555378708057292E-002   1.9216611692186397E-002  -2.8654263318867220E-002  -4.1104653934478173E-002   5.5484919667159746E-004
  -9.2144803274698969E-002   2.1866151227394955E-003   4.7102282937561760E-002  -3.6479981586142608E-002  -5.9966904412929655E-003
  -4.0358371638100708E-002  -7.7004429840155458E-002   3.4562672859938283E-002   6.3018889749487800E-002   7.3365771031308397E-002
  -9.9510134295998184E-002  -9.6458478738852740E-003  -5.3568095503507905E-002   5.5947602380523771E-002   7.2443787933687567E-002
   2.8859856797779523E-002   5.1191296022357856E-002   8.8884370100693983E-004   6.9181483715102521E-002   4.8906486133504679E-002
   3.9206050436958968E-002  -1.3619094564210930E-002   5.8657211016333553E-002  -1.1683316593534998E-002  -1.7616339660308997E-002
  -9.5940774100893744E-002   9.5563239347047871E-002   9.9713855438828755E-002  -8.8139007452255586E-002  -3.4291862489149609E-002
  -3.3871156295472320E-002   2.8173738157096197E-002   6.8043772263253977E-002   5.8791076001138733E-002   4.5479707055884618E-002
  -8.2770863837394043E-002  -8.1754405159009447E-002  -9.3877079201007588E-002   4.3894131634225432E-002  -2.6188518653831828E-003
  -7.7299584462804882E-002  -2.6558434559071889E-003  -8.1263228221159889E-002   7.6183779312159736E-002   1.6076073752645879E-003
  -9.3781822327376557E-002   5.3212456105199743E-002   3.3828270459387265E-002  -7.6549137329748107E-002   6.7272459991050096E-002
  -3.3177540481878889E-002   3.1429327148392285E-002   7.6627693627180388E-002   2.6470480837105473E-002   2.7539645683117887E-002
   2.9210396597681865E-002   6.9150878240522490E-002   4.6278621355359185E-002  -1.0626490407948518E-002  -5.2228481543268986E-002
  -4.7847506665883180E-002   7.1934320928010942E-002   2.3412498024845341E-002   8.2006760814003432E-002  -3.6631576876041613E-002
  -4.1570706986900213E-002   9.0281372735498119E-002  -9.4209833254392444E-002   8.2772596342011645E-002   9.7144324604316087E-002
   3.0229305651409072E-003   4.7684846258309960E-002  -5.8325851342334381E-003   2.3998341149714084E-002   8.5932412492395943E-002
  -4.5882459147501692E-002  -3.4878282948284968E-002  -4.0597072957934827E-002  -7.3193957092810374E-002   8.6996886616337810E-002
   9.0037938087764502E-002   2.1126744329269077E-002  -5.0099111798352546E-002   5.4008632954422476E-003   1.1401202209634957E-003
  -5.4057814135440529E-002  -6.1199409906020241E-002   7.0638265755699287E-002  -4.7139661204587013E-002   7.8405019828002326E-002
  -1.2698627919091033E-003  -1.1561553932600960E-002  -9.5867196130586187E-004  -4.0950788347932088E-003  -1.0124178717477528E-002  -5.6746588912821513E-003  -4.6950001619113120E-003  -7.6670258885329079E-003  -3.5250689802180978E-003  -4.1105483308870089E-004  -1.2212136111508867E-002  -2.6472941785854998E-003  -1.3833666672806392E-003  -1.1187249930325414E-002  -8.8575480643847977E-003  -7.0366841746188069E-003
